150131
62980
33738
43619
155383
73797
26310
63341
94016
185359
94617
52544
34807
170464
168116
74504
72096
430970
97068
260589
73170
417701
20721
42012
62286
84131
252143
201819
26104
261759
67072
71258
164441
153756
23714
58639
154384
92334
162160
172160
84754
106380
230508
194802
35137
290991
58737
97069
84810
230784
11551
622452
69441
28006
419227
156534
249949
430133
79385
163797
183085
238621
413499
418090
44719
20215
171535
262941
73567
67571
291003
41324
290762
257156
432740
9463
107542
100531
161002
35768
9077
65549
109377
78123
72148
189359
202346
27480
83337
49734
41203
290631
257272
260859
97477
249100
75980
248883
27150
23379
238622
54064
414389
230327
163731
200209
652289
71894
2276
73021
71430
63495
600289
42535
67653
243409
6022
20731
249723
428059
247532
167250
74790
170906
159019
172437
52631
152794
202654
50494
413496
180403
197703
408145
28644
108048
163389
168980
109007
50174
9625
40564
259861
37367
163279
32741
15800
159695
428378
167741
86432
407803
81321
41680
260923
58285
419624
159290
93727
6058
634722
239774
100401
424583
616304
193635
193921
25565
171832
258119
237676
164907
37304
79099
182076
161389
86717
79331
55484
50175
55632
170293
251143
171565
153070
72226
86516
432207
180035
409832
93255
82422
189931
370032
33920
170303
87870
248598
248611
258151
157317
81206
9526
188047
290982
182954
411820
409929
190469
426098
103708
189538
290455
25566
28648
237749
158195
160469
188802
187913
189927
75409
153749
250834
91052
191843
157533
19006
252698
1302
195398
167685
159313
153174
158694
54574
257711
80249
106556
173131
89980
15012
73661
35271
159291
83948
248278
24152
198724
257394
97387
419804
86923
31121
85415
290632
25373
200507
183687
56362
239223
24830
72035
188365
260947
151509
72127
30272
80410
84581
27661
163429
629100
181044
75377
93318
89607
27921
290988
168999
189166
41399
30867
188357
9362
237998
153937
75911
154915
249229
9567
238618
420818
202962
71632
859
90727
230352
39190
616422
659553
30115
263032
100617
31377
407958
263521
87611
413109
248551
196284
88981
421217
165666
97096
192184
249228
60561
251138
235756
28545
66477
102918
245934
27998
4194
609762
94518
153349
644866
188399
258134
85360
84753
23143
108973
249941
180032
86930
2460
43519
636075
2012
9143
157397
248148
97143
162173
433248
250723
409993
615560
81499
188358
245539
173971
77298
24373
416920
182717
99723
26994
35138
610352
40507
78495
40485
56434
10122
77583
33898
72373
188635
95616
241160
81322
196285
15368
180039
427047
247330
249911
413500
50852
100393
71887
98895
187921
159605
71235
82927
422804
59764
68428
433818
56472
103395
22282
50871
93630
61227
57207
99617
162644
154385
172830
29240
291633
241659
413391
36425
90686
289986
109703
246409
79473
158162
107216
41050
153053
75671
421270
82312
241417
58207
237175
88421
291615
42980
192364
230247
429207
159760
26270
616511
73746
193432
159288
130021
73799
39673
62164
79785
249080
84462
31369
412376
171588
69625
16571
161258
31868
411976
87783
28110
171597
26724
76156
163280
39161
88644
258922
240013
54681
61022
253880
606257
259072
161387
432201
95318
163273
59926
62618
413038
153969
248565
35204
423306
48008
88736
68634
78566
21107
97078
243642
91819
89461
406526
78877
155666
6273
162008
66724
248602
237115
58930
72010
409994
61058
195180
83955
71830
249093
201744
151500
79866
90720
41198
60415
44761
165773
427670
197859
95296
170290
110393
154730
183964
238630
72942
44516
27399
201348
158157
97097
607808
159620
24221
93886
98467
72068
188707
96935
40313
71420
241870
90448
81350
50491
188159
24533
188639
97620
171586
155056
163885
159732
237945
68593
247303
75212
94011
153975
620063
22398
259345
56332
94378
88910
158101
240668
260027
261558
170295
241872
195437
155370
259824
257991
159692
237575
245496
73977
74606
254071
100202
150114
247528
40298
80851
76968
98050
58555
421279
105431
83458
237401
261136
5671
155281
155277
202948
20819
173347
33983
243644
2456
158067
153397
26588
33727
182375
71433
68144
249354
59500
51120
35165
169165
248609
65680
78389
83001
54223
157531
261606
180193
58653
245174
249320
66039
258177
44749
262016
244300
241807
189044
155767
50035
180038
260584
86169
34051
75126
248804
290764
417676
196987
44707
50802
15837
165933
86688
82118
5338
74626
245649
27775
15863
421276
27993
91397
249086
35136
432040
608469
82606
30561
162957
106748
416918
27815
62178
86715
89447
161027
166133
190001
239721
43300
431392
163393
95622
153746
421277
98884
191524
238495
98183
158230
192363
408569
33588
173331
98774
78181
35153
158164
68959
636880
162759
86912
25582
237805
71285
32567
94615
92335
152110
10160
151631
37440
625663
110394
191989
168501
246964
51910
87477
37302
166526
155280
167578
165115
239781
159804
96194
38418
96111
15336
11799
166496
160318
51733
73409
49551
97014
259351
75010
45817
174613
68327
639951
200309
182424
64652
246999
39652
84971
27204
57500
91531
84463
53388
78554
261689
11254
429734
183701
80674
253487
252426
190986
50495
155822
22399
161347
94999
240102
193293
759649
76969
246575
247002
182386
161648
93114
241485
86854
5304
260925
71213
263100
75499
245807
259140
169413
81077
193301
63564
64974
235899
163420
89443
51682
192957
157640
237750
246887
40931
158213
5611
20771
419479
263062
170913
75673
154664
171116
155761
248168
187908
186954
248613
418947
80021
71630
65500
426550
237495
93116
291431
16394
170289
196119
202998
24869
49663
161352
433186
236975
93628
77072
2297
81459
188321
168693
41002
24686
240339
198525
79387
63042
170166
154757
249067
100861
51461
40948
913
236268
237403
72034
236005
87234
75646
84258
153714
172843
93856
189559
162198
193508
5248
40872
155558
96568
261704
169725
633213
180576
280401
180033
248578
59272
182373
89935
90323
89945
66119
156384
38811
172618
164080
193434
249722
160889
428745
237967
181862
168859
75097
52035
172078
80522
189340
189928
188798
2995
59696
189543
27995
150094
260535
95714
153685
66409
60682
195172
103434
167071
237193
69423
2429
17073
153933
157639
259957
90319
81217
237408
39619
1125
166567
68715
415735
158566
108974
81654
65982
99625
52490
194664
76782
22274
280048
291000
87211
421066
251481
414380
290458
86687
183351
411415
96191
66128
87216
167740
55649
186775
173607
78420
261044
36341
40912
181377
23440
152249
154162
195854
165231
68633
151514
2245
163277
168891
189652
248607
88544
10288
240817
74604
616327
7940
24828
58748
250654
170624
628495
158220
163442
412508
409865
94520
10035
160162
412780
183730
74607
6166
201363
150095
280693
8406
107585
90883
248808
67759
238619
194430
76014
250657
75629
95615
78146
158697
55559
75208
44812
66670
81216
169153
249096
87987
160647
154352
163930
241488
248170
31380
78144
15999
60397
259006
90663
241408
1414
87562
153099
400339
759444
167999
82306
152252
67623
54368
58750
94906
59195
246447
94599
107598
55662
410097
163730
78854
50489
84655
24393
89608
240818
50900
26746
94314
93047
162730
69078
87988
27680
50854
426125
108769
44368
157643
80967
27819
180056
86291
637667
2738
167702
156465
258147
158056
432205
409596
414557
237140
103737
87786
55561
616448
69669
430187
193914
165409
71289
76122
100615
93448
15310
163269
171448
30692
183819
65983
184594
194333
759445
249169
291160
9936
50902
243862
155765
154141
40873
110317
79329
250843
91955
80849
236046
152717
247529
419492
102352
51390
30903
183697
90677
291314
258839
193634
265180
66101
243416
88651
185294
88139
290812
194243
165931
53802
170292
110748
30861
248682
93456
98889
236145
1547
185245
153245
425442
96125
93633
193113
252425
65058
193994
259068
237142
418690
98886
45822
246403
52548
281081
414376
251385
159014
78779
250658
38406
9570
191559
407957
170263
201639
153423
29355
86673
103863
174612
75173
431038
202946
71628
157333
96937
88533
39832
16435
391133
97998
86712
193310
69808
432113
258136
253844
56340
185710
194374
88667
157334
241906
241937
188423
89301
246402
87947
44523
99623
412046
249999
72351
261686
174614
188752
88054
70027
429686
170155
156579
38058
172303
191525
61750
87111
99627
102089
54546
179
71987
84590
171534
100616
85355
248579
2840
257330
154391
426371
201443
99052
426761
75098
193305
190651
240477
174554
74772
41311
36204
172097
98553
185524
96108
250624
164449
35540
158216
88055
26477
291300
83951
152656
52725
391131
186819
68363
154386
152877
51894
161670
152655
416922
96119
72504
50910
92900
57968
238048
50305
74856
254058
92217
606979
98902
77589
183118
409530
93476
158055
245072
96730
93363
400786
257388
39389
25822
94017
248114
79671
190745
253208
197523
154350
431822
156496
159025
150476
54388
238977
92034
161343
68709
195261
89299
172511
73600
185912
413086
21931
5596
423443
240046
188984
98887
258130
4162
151770
27330
245866
173344
71831
71890
187881
173682
241804
230326
38140
11263
41111
13019
90718
67880
194738
280003
91254
20090
65968
91689
248885
75910
418501
49028
659824
241812
165394
73788
97944
430971
33656
28054
250798
197006
94021
168341
202016
108905
39186
249066
78864
290117
98810
844
50617
159350
246517
252391
26042
161353
191303
35268
240775
68714
69490
185709
27318
422796
55487
150446
62890
44045
167948
158744
237461
23847
431389
33592
81831
201217
159799
604
92216
73166
32550
180373
9714
174318
59761
153723
153246
174574
161424
28123
290810
84813
87212
236276
281757
62871
58389
37303
245173
68301
413184
239165
72774
241242
154820
89386
251564
84376
48128
32003
430575
93985
66383
56501
72038
195182
25823
42516
63606
264710
191125
151638
391475
242122
54918
98672
230103
238491
180057
35270
261559
600286
9547
98798
250911
150209
74997
58385
195853
109012
203102
75525
164432
169546
237405
35272
261624
98955
91170
82607
92042
250832
14374
68251
34639
79323
45823
53799
72562
173620
190577
236004
260697
241822
54819
4679
400222
119
4337
156528
613700
73816
198787
90665
67103
23682
87217
78054
171241
79918
10197
56547
258133
152396
152795
43199
153243
99346
429966
169160
258135
93725
80146
104100
191520
89350
78021
78496
413037
93502
90669
156617
98099
85713
190431
58751
79628
168144
87850
167743
78865
194817
196925
8177
80223
202859
407962
262860
23853
93945
155562
38293
181469
41004
257231
606259
250792
152209
99443
72305
171114
6249
161643
417697
75390
155770
72546
413495
63637
247729
181824
240188
61027
20834
194336
81412
44494
33896
41351
28250
162728
193510
420183
260198
86762
66853
24506
250625
164285
261022
93872
411553
429761
82109
33599
414371
150234
412639
248561
107394
290978
182792
247522
80799
1619
237065
41816
44392
80338
427174
186555
56964
68956
249425
402784
158837
68263
245186
24944
189846
155762
49649
63043
55473
156016
97551
424900
68169
8750
192183
243656
86817
413105
54068
69431
250838
153741
94614
412375
263104
158635
430974
39908
51998
249097
51497
160953
417634
24212
174043
83900
254068
80874
44692
417678
67649
291
57409
173050
5610
235901
261133
174556
84812
63097
35329
261964
153757
180371
425109
100219
98896
252364
65779
250844
98963
50311
94871
95494
71892
194434
14306
90178
9888
90678
153733
30221
156491
25414
155390
248187
195345
58933
97942
77651
429726
33649
45816
193991
95316
259032
80845
642085
255849
185822
189970
74617
88904
93636
40885
81487
165308
239766
171585
40280
73107
78185
152620
260560
106706
38232
249069
20169
151444
66861
163431
53793
162178
188787
180464
110730
195500
246400
187730
87873
250541
184973
152085
90668
23346
36148
99547
77090
94598
83928
91439
189896
243724
427050
173729
80404
72065
80825
68426
186196
96957
416926
290114
245294
155215
98366
241475
81497
230332
95317
158690
99300
16127
61193
42675
32002
71955
105891
258156
23107
248235
105208
158160
258118
201451
79922
238493
152128
87564
78849
257395
30868
31092
192349
33596
181046
169140
193892
110081
37408
89726
161127
249079
187917
15638
245306
27305
107469
252620
100522
238490
263106
51571
66875
50288
172174
157957
421891
406532
263033
53103
72143
162197
158222
78017
62195
241410
62671
75633
831
90680
61700
69101
9798
161854
158721
190346
11259
183970
34452
41936
188728
180404
23770
90703
192361
1286
433337
158217
52179
20091
58740
35537
94420
152221
230132
58758
106997
420476
193029
16491
156017
415293
35269
159697
257329
89302
62302
71896
195864
247412
2449
418688
31078
300225
423177
262045
645
183810
198761
258121
94022
192594
250763
109376
77295
31112
193912
79390
9048
246729
97201
240665
63038
87114
411145
84647
26229
193645
59740
169756
67005
54069
58868
78583
154155
52542
162393
265179
187926
237928
194976
23710
26789
254166
20831
103711
194764
433184
616437
80385
156310
80117
173981
109136
192631
26577
194769
170165
159294
61184
247238
51252
64613
36156
428956
77588
193916
251854
290750
162161
259169
166892
72069
95478
24213
95402
74855
94253
84983
156688
93984
236032
93627
243414
109719
94993
194334
256222
73253
155906
44514
172076
108977
245308
34924
86276
110750
174092
261945
200972
199183
90437
97616
164142
173996
1457
30237
99533
22392
163278
201796
100622
245793
66200
71860
93907
161905
91702
51692
238978
84918
156986
78134
244299
95482
9560
73053
423608
419797
153333
102382
162176
49553
200472
52153
432906
87236
72032
102513
108099
236265
99478
68750
251140
155184
43414
23850
629147
71777
156497
49567
52026
68269
427596
2593
33652
75993
171536
173340
87767
202088
248676
16511
173352
89110
85702
157642
73815
237849
95899
69666
237929
194735
96522
191847
79388
258140
71257
27523
239221
90372
423254
182769
86357
154091
80970
11265
74999
108766
184591
280760
191284
64763
150645
412044
155649
44970
65440
84815
249073
71029
196111
187882
67096
202125
74662
243643
153809
50313
81083
280554
29509
164955
248620
431463
89349
171541
15456
420847
68267
431617
159807
413501
50292
249088
85556
41142
193507
248548
414559
193561
241409
163424
98775
195263
15757
150241
180840
72142
56412
252368
56331
40056
19068
252427
182767
429190
33716
247798
181655
417693
59581
416321
426404
37052
170584
194739
9319
71148
72350
98952
197717
67433
421011
60966
54043
24498
429501
60173
2447
54321
245497
162959
80518
158166
430576
195064
409611
12962
262849
163707
158860
38892
85140
168888
428540
636733
155321
72040
108972
156409
416712
80037
291562
247332
98188
241798
41025
423582
162159
52037
418413
414163
5594
23142
67760
34277
247301
183301
627394
248891
300277
80148
97389
157834
189848
164451
162405
60398
183086
417412
290128
237944
153905
153026
73461
184318
94546
30582
194345
290131
192523
110082
89300
92902
80521
53295
169810
64902
261302
432041
261135
66103
44391
68432
150445
171112
74394
31636
413035
26759
74523
192355
49720
97676
153400
105173
21938
202943
75396
81947
246372
238624
291288
31371
190726
159431
195845
77843
619232
86818
432198
28557
248550
94605
201012
162592
194639
257380
606971
280551
64715
33729
90325
185501
16823
241873
419840
166585
614306
259850
78409
41189
91708
241418
172083
195861
54818
172839
172082
150184
71805
30863
158723
39235
258842
241002
167157
190770
99628
73796
180988
80581
78827
74056
37239
75631
193314
100544
78582
172629
262621
259075
39288
4200
252134
245849
261586
83326
210
261688
5297
170150
35288
248559
52633
24210
642370
290421
238112
160865
52178
51659
245541
66480
2801
413100
50907
71605
415884
94611
40278
201642
251489
21116
189617
418645
194775
158227
252695
65733
10179
55695
5048
62098
110390
55498
250212
248599
202355
170861
94760
75101
251651
26780
9521
69075
201347
57569
78400
158856
250275
63563
55468
413493
198524
31600
247526
70060
36453
643739
194768
100851
8415
65037
95654
152113
191327
188292
152563
192990
56347
411800
154163
613597
40563
235903
259344
86168
66274
290989
75093
100857
380383
258122
79391
60642
250401
93
58652
249048
26749
230341
197227
80847
2093
50591
24154
202501
98569
57964
36548
84809
152459
238629
153734
41208
96162
94962
241660
56540
413101
165771
257530
248678
74615
82929
36559
198723
84677
280320
65340
89944
92099
78136
259622
79277
380386
423519
151502
72030
40584
200981
51425
23419
257713
68127
109363
290118
73056
14337
36169
182388
429519
84756
28504
26747
236347
155173
238117
2136
158746
291325
262553
8024
1548
160999
187517
63224
171111
432114
99442
250540
48154
190650
262998
88982
20154
253586
97158
186989
201444
422549
410239
55620
171879
423107
38428
79113
418096
58275
33647
91874
181754
25024
165813
15577
14000
182389
1051
290124
77103
57243
57660
53358
80844
280120
163565
83866
257526
248277
258149
260926
97180
237692
86642
165775
28327
74656
107538
26990
628471
79202
93902
100102
30805
78399
32625
159714
17056
625376
190742
30381
74624
63427
67022
51487
70031
2997
78133
258112
85520
616262
86941
241817
69008
27327
5392
24303
422794
159650
187783
186214
61151
33876
72211
191896
433247
80247
29540
14123
152262
56353
75513
251135
82981
77586
185244
40933
163880
414392
87232
158506
31832
159293
257334
60395
77600
27922
421272
163306
159797
257375
257382
189202
66104
413193
172619
77704
83940
164440
79605
248945
18113
163881
161950
84453
182771
57037
236008
97015
192360
259071
200476
173972
172655
82916
159809
78841
91053
67820
188800
417687
182766
202544
243863
91240
49521
77088
280946
35771
55707
98892
50911
26476
416357
45824
2444
154161
633212
291639
66345
19047
237999
57058
60416
55725
619629
167429
90446
47160
170148
193030
280547
52852
86355
202351
73217
61026
44298
86924
416680
245936
202756
163883
4536
194338
241483
249974
163437
165454
11269
159289
246968
153742
60394
174576
280119
63675
95563
84930
161852
102758
90182
50684
52267
248256
93490
186278
187911
83942
92501
21929
88951
200437
39895
433232
20748
432199
1362
170910
188624
156230
191556
76147
167580
5337
59226
432112
172084
158680
430616
23771
249092
163936
247000
161001
258124
154086
75645
71678
422341
107576
74332
156495
92963
194139
248184
163418
42685
94391
82304
153967
42987
50290
53752
255807
87731
72207
158675
163042
77691
130019
2744
170687
97743
69024
166712
65628
422547
191842
173900
90715
151517
40656
153462
66129
52537
422691
75298
81942
230036
74616
66063
79327
257163
76087
240037
104616
93396
202961
198633
195438
200635
29063
107850
98402
238544
190345
156015
91286
9076
98897
186447
16533
73794
89348
262848
160698
65626
55545
159768
169700
202017
92911
240006
291637
94636
158676
421959
193506
28133
155823
79538
162007
79415
78117
194644
259341
86293
4040
31175
53332
150315
260022
14396
79330
86151
58749
94390
238545
158637
161342
158717
261687
250576
410992
161354
59179
415029
417251
421271
250630
56556
51620
629501
69356
160061
56351
78804
153751
241159
93207
250795
65062
100552
155539
153350
109323
100864
164438
258137
59440
24194
421275
109709
40138
74514
247839
55950
40050
98475
170299
73817
257220
152397
245937
247328
238306
246217
410328
50572
195592
238746
158857
200827
247641
51344
79196
94998
50503
83865
66352
75708
168998
90717
72112
24020
90326
291282
20523
172079
411554
89964
159237
86911
69890
88329
93899
290811
43425
96103
189895
32509
171836
251563
90716
172370
94343
75642
62192
154347
99181
166599
51897
152468
71899
237414
259947
42057
75370
196721
73108
88244
55599
237847
152329
247642
250620
68763
99302
66559
50625
173605
17038
616491
261221
35166
406525
73659
10255
158060
156490
88958
174270
103446
259161
244077
150137
183088
616172
82913
185713
243407
87110
261552
195436
78403
251488
151522
237947
246404
258143
73043
10113
172059
78139
152245
39188
20400
94891
100551
258718
76859
238772
87210
163415
73969
261719
251852
193917
239717
33651
171539
154411
201470
102038
174446
35119
40707
72094
40932
188550
189585
253266
79524
417301
417680
195394
90174
238304
73795
202549
414382
186726
57911
237766
53341
652888
90679
194244
150463
248132
78860
39163
238494
50623
22100
190225
154942
168889
26849
71533
93629
247240
91171
21941
103939
66478
39391
56343
202850
251942
258152
73055
151970
195586
33758
409848
2767
414377
173049
34365
202349
237146
16750
73232
255853
51007
260927
151504
151501
230460
5324
150922
40057
109431
656879
195519
193563
629308
50815
78122
33899
171352
21936
84665
140546
491556
34052
158057
159022
158058
241003
74998
239711
90483
64711
95916
15242
102359
20863
182376
158673
41204
252326
253869
96193
90175
96167
108764
183700
183873
281082
600174
264139
69612
61752
97337
180818
290119
250486
253879
151881
96172
75092
49522
167046
168143
189531
82930
188794
261020
195970
30756
429727
159235
238941
172369
258128
99604
72717
76416
186862
160453
60563
40508
63099
63646
425958
183117
248882
412777
188799
94610
24186
402372
214
68635
52348
79412
9635
251846
171237
418600
38441
161734
83944
50799
80543
81484
93112
98807
67819
180459
182071
417426
33981
164081
75326
290601
182384
54810
62874
97588
79980
257529
261851
156981
189360
56336
628945
74676
69360
33637
89460
159295
248605
251478
75270
85665
4812
200447
2218
163858
50272
249049
636729
164365
14388
100529
96524
192350
99629
162182
195198
72691
84757
173325
30583
173606
156530
230043
196326
171498
50899
261605
169728
73192
39834
250659
159800
57803
158050
80033
167684
15393
1361
248381
80672
82313
248610
159198
195745
39694
27772
180276
249110
609471
17018
24546
110318
259238
8134
280123
238120
237413
411325
195971
628476
39558
200870
632494
201456
432904
419806
154932
23683
102148
74004
167378
89464
83939
260857
169547
153224
108873
27203
72044
173453
184976
54243
9864
40567
16980
86815
33982
2206
428505
41039
202963
68338
413824
84464
261849
22054
55471
230142
195124
80673
21355
194773
158854
24542
411795
38153
183749
170863
50618
54855
96181
62084
172278
67740
248179
98954
7221
28111
153737
258154
33653
652896
188801
153465
185904
51732
73722
158221
196115
163860
245794
248013
97997
2088
9173
92794
194467
153210
50006
66040
66317
800
194506
86713
417696
65800
209
237420
91703
248049
62698
9587
167906
192979
281413
85400
85518
415889
40677
28445
9425
416619
172836
251858
253675
173982
626749
152449
291105
68627
404779
417692
55480
39685
237402
616470
75999
237808
280550
171833
253479
20211
69112
88355
193913
78052
78813
55630
88144
280879
183788
1944
194377
100549
76038
189576
90666
78408
151518
189794
201037
153401
98781
83593
79145
35734
192595
78859
155559
65664
186651
95625
163433
249160
260470
48137
73658
195851
181125
201637
259340
418436
65147
261965
75676
171168
246011
163926
156533
102010
54552
28377
291561
248182
201213
96938
257715
425444
90436
161323
164547
51695
237494
169232
51290
90050
69595
33874
243864
152263
290761
246662
76264
67348
419798
185475
251847
4639
904
77075
20008
166546
86351
241163
159020
31567
433235
172791
290990
21933
418091
251499
290939
90093
33655
202904
410238
79328
432434
412257
657720
198735
67045
195264
163976
91675
75908
241803
153810
77087
35574
238614
261717
68612
291312
163422
65993
88140
100532
92221
80099
255718
23856
155769
40476
431370
95623
27187
251500
241489
166654
24620
173330
30865
291326
616361
71631
202124
256037
30815
98898
94504
91784
241426
105162
159805
195794
78856
259167
180405
610619
193995
88666
246234
81482
259437
290125
8055
290751
291333
413339
290285
67355
53753
416711
291161
163395
427957
201212
93943
260182
44524
237324
72076
237930
174091
262934
153721
413207
158063
23116
248139
66735
243417
246401
200980
200259
52749
56565
56381
24769
409735
181860
252634
95915
43504
416814
257335
76304
99291
82911
7218
251136
98976
78491
84580
238496
193168
13424
257219
91876
241871
183963
616187
261685
290123
154686
190468
170581
72006
90450
166500
260282
96854
94758
130009
150973
153056
36513
108763
187429
97079
291126
421178
152452
89948
433245
67215
187914
193296
63220
68473
254636
158611
88582
100620
622
87113
417703
248175
173343
89690
185583
96746
26582
50906
160059
36343
241814
198384
646586
415714
33595
33502
642192
94015
159396
1303
97940
153726
259348
67127
153511
98085
81483
236637
2376
88141
155561
154934
237578
24499
421917
78137
166495
261953
257390
241811
99718
11255
94632
89977
98214
158636
86510
169155
2181
407752
75579
165815
249998
172281
87785
66647
1530
87872
62111
262999
84459
248552
150171
195593
189366
243404
91285
82748
91706
56335
246043
153244
43240
244011
28387
56133
40929
105510
97589
415303
421842
50415
173338
251034
416885
252126
163148
158018
157750
245640
159803
85357
183132
195807
248172
73648
9174
408314
419626
56324
172306
74623
236259
600177
158719
600175
75625
85820
187616
30246
202558
50596
84136
69894
152784
413102
154939
39833
151496
153231
83339
90173
172620
83952
628487
290129
258129
75299
67099
160063
39104
418686
57512
9865
153971
86040
31508
158666
65007
8755
94631
202747
189628
41395
23115
32624
430466
157645
81501
162169
259956
173979
190495
43689
197819
4118
203002
4807
150090
93391
171538
61023
58733
169139
418095
151880
60013
158634
98962
27357
69102
151513
413224
84646
75325
85354
152246
243376
239783
92393
41005
39957
189638
106322
164437
105545
246741
71286
79022
416710
55508
181312
52487
51690
192352
24870
91253
26255
251589
245608
634618
75361
239580
254057
259353
248353
87874
429967
192501
200657
94422
56339
88343
250538
77297
424496
26942
192357
264192
41786
56132
195757
93113
419801
616276
171108
60191
248188
51132
99479
57714
291614
158704
50226
245025
194814
159696
416925
180987
202548
23144
55591
81305
48005
158431
238113
253023
158194
40199
83325
415882
52603
251498
183842
180816
182898
94607
63289
193313
52996
16811
155443
257493
242280
29542
44717
153351
2001
236261
9234
168362
150775
252373
96416
173732
259073
33872
22009
198190
642384
252144
86760
417688
80320
409716
98961
39467
413699
67846
11267
246356
190489
191408
79389
80145
74909
79928
83658
168890
256219
100018
39907
11081
78130
39162
43743
58735
1549
624
83457
63673
86740
254635
430604
188797
171546
94613
263102
44723
71324
86711
169144
236263
87429
104888
608458
612013
640953
60652
76165
248189
170167
247242
197001
431369
73231
78405
248889
89939
93906
91169
155276
98878
193297
69638
169755
157339
72071
14387
259004
99626
95035
151981
290985
86716
252071
66736
108615
416601
72372
78183
80873
80520
290378
185542
36572
420428
88928
105936
195165
69892
76946
77073
154387
262859
69724
80143
170227
409551
190435
193299
165286
290758
416919
95603
281378
413696
63506
84886
164624
84132
201472
237282
33726
616468
165370
606170
50796
78145
9172
230328
193560
66831
162400
189365
83002
4147
261771
247329
241476
20732
92219
635099
160096
158961
62669
9118
96771
15633
415518
9464
415813
165169
64774
77296
252421
248608
170160
75157
53804
173342
95479
75375
193646
602228
74547
241821
238755
34845
54917
86774
162183
252697
15811
151512
191990
433244
4691
86643
182021
171170
46007
91395
230263
262678
71695
51397
162575
41998
237063
290759
94600
85350
172143
616196
27525
78412
170159
251477
413984
80149
250797
418689
54062
415809
71789
182908
601475
37323
246094
259352
94393
54865
248169
84917
239664
68873
155560
244040
418208
108075
55472
35380
39952
172098
171589
36638
155387
195197
97621
72859
248680
83950
190432
71515
237191
20645
246000
280849
79386
16428
25718
280124
153729
41038
262625
191118
59770
51619
230316
69436
191117
153747
188754
27717
237246
239716
25719
93632
257531
87886
107708
261137
162647
67764
43058
151516
78810
53118
51396
86063
153250
87990
53322
2996
93959
52431
290908
2180
25584
52268
75677
27547
43572
162401
169152
156469
188729
236007
83475
238338
66475
189572
158677
68238
161860
230313
151780
414179
195167
87529
88504
71241
257338
51470
189364
159234
40051
94601
290377
80337
27764
29543
164435
71564
81323
409853
59555
153260
84987
167141
24187
75376
28899
95273
260920
154524
380184
94612
193502
36002
85986
59200
50983
39906
290629
290808
4403
155323
239227
252047
154147
32690
163861
249082
73735
65265
183607
24505
240245
190490
416929
163413
1546
61025
4811
93489
202965
161359
2749
63473
430978
607560
107690
162406
155753
258176
43039
69076
426096
155180
261720
173073
95996
202940
258631
60399
88142
107808
171594
23769
262059
413498
56970
40583
32675
153222
629117
67766
11797
84134
241848
247235
89936
84974
244746
290967
167263
75207
67330
248624
423252
105170
193312
247797
391089
81082
183789
187995
50839
416913
168145
60182
201278
75316
153500
155719
414396
414558
130415
185477
39179
194092
92974
69791
79400
23713
62670
194643
27370
196110
289
173683
68780
81861
27817
240011
239769
78119
71861
54915
85605
74995
40678
158687
170151
238751
153717
192597
40328
180037
419228
250623
30866
62479
171543
98087
249085
202575
158158
194736
192989
182385
430699
202964
38233
98023
15439
90681
152663
280108
97071
9347
239396
186871
78557
25821
108781
165779
167404
192362
51488
68431
81737
191845
75373
172280
67450
95128
196325
73277
260474
163419
180846
153242
64829
67709
201346
89941
156535
87208
169147
35056
258921
55284
74570
241237
246041
159044
50502
201215
40947
74618
153399
616189
2446
54614
161877
26847
104766
65867
150238
154756
84571
154157
37307
602043
155228
64714
202304
185711
85606
162382
187692
5600
261557
77081
251141
251486
158670
188157
80096
91692
43517
60618
161861
50297
27328
95559
32038
151508
82251
10112
81359
56189
72095
241806
28480
429397
188355
106534
91676
152461
55477
420509
107533
236260
71832
418130
182374
153760
251828
238339
155768
154412
422259
230146
66743
152460
40675
80880
24800
412045
75210
40766
413698
429406
58978
69432
246226
25567
255805
257331
173335
37405
2448
413825
73234
181570
72047
76412
193950
181569
78121
247239
152458
92770
251473
99630
56348
5152
96291
95036
40465
56337
251137
429472
84591
2109
5591
248014
87229
182391
72194
77592
96163
56346
81365
254202
169158
246518
163268
246397
159731
90672
193501
82569
280825
243929
190698
31376
22055
62260
419799
409273
24941
93901
280553
169146
23857
36254
185929
158312
202757
35651
88669
430973
97618
430976
237422
251028
261551
161863
2010
27006
95450
39185
78148
195166
69169
172842
61465
54775
60208
246013
235897
52598
22278
409480
73527
56301
65507
238615
50622
240917
151748
80887
83340
42962
257797
79859
151494
236758
238153
1301
422395
72580
180463
4538
74526
86306
106567
21114
250629
4067
161578
36560
84766
105565
73054
427389
160163
416910
195435
239579
28153
174553
31372
183748
160062
40949
634631
152283
78555
55490
248230
100179
182554
190574
263768
50620
68958
413503
85177
255577
189607
40466
246225
163271
95313
84519
94630
188323
90057
75398
153398
72690
188704
259018
243947
248560
188788
43520
88668
153345
79422
96631
240666
250252
170867
237416
418966
163441
169429
93898
151497
238488
190491
67761
71884
240748
414391
150198
88650
171823
159018
95403
622458
189342
152214
252632
245275
5260
428744
194734
157313
292097
195594
90179
254060
96773
244305
54594
414394
262228
38346
9145
190653
250626
72078
86758
417424
91437
75913
86156
239761
162606
74661
159794
249102
170294
88447
150464
68284
172093
63223
59290
197901
23332
26875
157431
94762
94604
241155
89500
202882
172302
191304
194645
83943
16655
28132
230552
23042
243413
257389
257049
9471
600287
73787
259438
413594
97633
83941
168420
173452
75102
246448
78143
645626
418692
182922
250846
74029
202354
16592
89647
170153
39212
431053
181510
88446
84666
164229
33794
67020
162645
182434
243412
27838
243822
41776
154156
166591
173789
290763
4537
170585
642934
66723
66100
415883
158537
201446
188367
196113
615905
30816
4231
13022
202126
163733
89907
180192
80414
257381
238287
40510
247408
65368
189461
259164
202960
96456
73503
158402
168634
237966
171542
75395
84225
409713
201745
159712
251827
154941
249634
237001
261223
164545
161406
40511
68252
16955
167267
23852
235387
260928
250807
63096
110399
252989
610353
172299
290628
198585
251566
259076
658980
1920
84973
85411
258841
247975
425659
616323
417705
59766
188936
416809
27365
33627
248234
88556
62683
97141
4809
259343
262732
69646
89840
290749
40924
60541
180031
253422
247243
193154
81067
94889
56499
174642
646670
67762
201450
81500
194375
66118
165061
160173
607052
195633
79926
260586
153352
9213
65984
201277
163412
31897
65057
170296
180041
98882
50624
236976
15991
43990
180030
20805
24468
230264
261683
53128
154930
30862
605632
428098
159865
40680
260864
72031
83324
251692
100268
1050
164634
27401
249070
87109
167400
35636
151505
415606
380114
182266
71438
167430
80068
151922
44731
81107
5090
68935
27369
171118
417215
83597
68339
195758
86922
425440
191848
251843
616260
165163
173334
409655
166711
54061
78851
152255
54821
169420
39231
73973
280552
54815
152453
169699
20351
97617
238114
80226
413823
161349
237910
58727
98965
82408
67361
240007
159645
28649
202517
50905
23100
72033
246355
74915
98288
35152
95130
99621
22032
172147
55664
54018
102606
41112
252677
415064
92910
237399
54390
153738
247531
197373
99057
248075
15458
63715
161645
260721
290133
88908
258120
259860
619196
194774
254308
155182
607580
158710
635637
153763
26467
97125
83323
433456
421273
80878
23439
43571
192356
77587
57241
168141
414372
201061
73962
150210
161693
639950
40512
96059
30373
405958
67024
66408
184330
291286
78151
257161
80402
70055
69422
430695
427597
418502
90132
291311
24190
248190
433336
166922
75640
24333
174378
91877
170785
259144
88752
249950
21356
22381
20214
61024
257386
23778
16922
87612
616416
600485
150207
158061
34047
248176
257162
250619
624042
43420
257392
64752
182069
153108
259350
184587
41144
189564
657600
182936
165803
82984
151632
62285
49759
249021
281455
192369
161154
607358
433371
95817
188834
159808
154724
153342
32037
40861
20216
238623
187879
95956
86710
155764
258026
170300
103158
55319
40029
67357
24021
100863
5984
417686
427042
98579
25349
2243
5081
65624
264215
252514
195759
96931
156578
54793
248546
154725
173066
77714
73656
249419
290
255806
78391
213
187907
60540
616354
90719
264729
36146
191351
249318
280399
415715
247236
26813
187413
180370
41402
35693
100098
41865
109704
34100
15732
52347
5632
54864
422340
155183
259139
411481
248892
173052
188372
249850
87230
238005
23773
59655
190000
173072
171835
75914
99736
616445
105922
160886
81919
28671
158639
241818
186781
85412
193562
183770
9240
23854
422387
92576
80846
89056
189893
57273
84517
153716
201362
88915
180966
412496
201045
50473
238749
161281
162958
40459
96944
155279
188295
43516
194668
39470
188359
23711
162175
72773
96772
23432
202743
81546
28249
188725
420822
80775
40019
415886
153973
154914
76167
51264
194515
153348
96933
77102
163909
415028
54599
48140
26195
90064
240669
74663
26344
158702
190434
247800
51666
56801
187927
44498
92390
50851
164436
152797
73657
600266
169145
157628
238620
75381
93844
8040
240857
31093
40030
153126
87752
83267
56500
91287
51427
94781
66850
251479
160164
192354
237964
87995
54055
74619
163391
39300
174379
74629
170623
9528
249330
182909
195595
93393
155368
50566
88319
11261
35769
259851
22280
759462
291103
42961
27400
56555
153736
4851
30851
97780
243377
192858
202875
98912
201087
185373
419805
627457
237558
109342
36550
246739
5607
605805
252595
100547
155773
67006
418685
191325
62393
60014
23712
69725
230350
29222
39183
84884
88920
150314
153223
81325
173337
78808
82746
80301
192503
422795
290909
9520
163270
230331
86644
80035
173054
248186
162165
258126
78890
173068
154152
71956
78124
50846
237111
162688
236258
66672
257337
86353
240038
36256
16510
427635
195122
71023
75709
159333
99631
2309
170946
31250
37369
645054
84017
162576
91062
190441
86305
255842
51600
416709
85402
257504
93903
252137
15749
161356
417694
152455
249158
9694
75374
162729
98360
61029
6011
160657
192182
55517
99722
28465
15308
50492
167159
156536
95037
248975
185932
261718
93986
110022
196893
92391
151544
248887
193433
58560
43040
2157
71439
421278
236333
73660
257385
415568
150239
61270
260860
421950
44716
165932
414379
196116
155030
418207
22386
72045
279581
41396
245495
56498
73233
607038
201640
417690
239452
197157
257181
9236
252422
290987
54510
24485
230549
54878
290986
230349
2471
85614
67095
68129
291635
189361
187922
14395
173973
91961
414264
60564
185370
66064
10672
77678
65060
77330
82928
237141
195668
238119
78135
84929
88794
247639
153402
160097
191119
35694
257215
84589
607555
43691
62342
39614
193304
14082
165179
404697
260026
86759
77356
151433
245092
86909
81945
77419
248150
74910
28503
35670
612556
412779
23929
155771
160888
49772
198037
80141
615738
241419
193317
248178
54009
90728
168142
262601
417384
167406
59891
241161
87790
242039
67106
29047
169156
33960
67583
193951
90322
169138
261138
183698
66065
211
167996
153501
45815
170146
81832
201211
151903
76279
421716
1719
88506
180837
156494
75354
261644
236330
150236
159699
110083
182066
628478
155335
391189
196494
75907
257384
73809
159796
87527
105167
154090
55834
241827
170147
158062
161345
422540
280125
38405
160045
68264
168887
80227
413110
416679
32053
417689
15981
81208
196118
6093
56329
200636
172382
192909
154145
281457
84466
30530
193647
258127
80283
171137
9923
194748
159148
290983
402173
88545
190496
432380
248606
55660
51418
33603
34048
72073
60560
187928
79490
162130
416909
158722
57875
195858
188623
288
158708
102381
237887
76043
57035
624035
161644
50798
155907
91168
238635
198788
240014
248809
169164
150458
173980
76151
65732
68080
605385
173061
95913
27250
238631
91821
9549
195396
26841
52288
404694
92536
71629
186863
411238
29250
290760
43235
96165
174573
27649
15307
249426
88914
181653
257398
290120
60894
158706
88532
83270
91338
241406
69893
621324
57069
105544
61224
36050
240021
161006
6315
50033
26945
249078
94618
628947
197820
84448
237415
78816
174174
163282
40509
32622
168855
257155
163387
77092
80229
158247
171029
8749
430603
191841
180008
425845
73771
73462
1458
252699
169613
34388
198765
76422
98812
98885
410000
257716
29235
28080
186860
261901
417679
258145
44517
108888
87209
247407
193320
165408
291328
153968
202085
39596
93317
616257
180058
75095
280322
55462
236264
241491
173974
193315
429407
110313
253486
16177
172298
155179
9026
291563
153732
248563
247534
257408
31373
39331
56363
84264
241131
99775
422380
51496
247241
246931
33928
290324
50627
109718
95127
91822
237748
60597
96195
81946
95930
67456
158686
66742
165393
86308
245540
73603
158712
186195
1368
97552
68132
200460
73808
22221
9232
65672
69162
602453
252365
71995
248183
238757
253061
110312
98888
5060
94964
619730
155230
280121
20203
66730
194815
50416
77561
194322
173345
230262
615220
165411
94873
94071
30860
78573
30592
73951
174188
60967
100570
250910
85620
36083
155188
41934
61021
237752
31137
247048
158688
85516
40965
29357
150098
88725
246358
69339
89609
58633
413129
59959
5606
291301
26482
95917
37300
71212
167401
188620
11806
290999
252131
169753
73791
100731
1360
166650
58747
90172
194514
75394
202323
86354
34201
59192
50026
152260
428778
32626
202656
230147
158051
24543
24541
413174
87476
189534
79691
628903
86929
261319
162778
99459
28030
22096
163275
192359
427561
197664
21884
159600
9624
161000
413103
72560
155278
30263
260310
28559
4206
155637
67405
10009
421555
62937
16826
167919
409928
260865
171120
94023
616488
182433
4208
53218
411144
34094
89093
246093
99164
261716
42917
88138
418687
55483
40456
95321
90439
261715
258142
167705
57384
93983
171115
87329
98552
81213
90651
153808
74090
23145
250863
90729
28466
152466
79231
290126
163411
244567
106361
183633
65465
188792
171117
68632
194378
67023
155469
263101
155322
419747
58680
80623
62191
411075
65065
62719
252166
52939
251027
98776
185368
71474
4681
260855
194767
251482
190198
76164
249083
249064
24943
251842
45667
170157
197860
75410
170776
75209
75094
180819
90040
258155
253268
167738
193303
78424
201279
250246
85361
81110
159592
14242
238753
292070
166494
154349
32559
36082
84817
97533
191844
39847
27329
280390
66733
62358
194641
56300
98813
290984
258503
413112
95830
202784
55482
185474
73976
169231
51895
163732
78407
248555
236269
249756
39597
194766
32560
96872
9043
98022
431352
264523
259349
183087
82633
170784
159673
248629
236256
94597
155303
429405
91337
291630
24205
24145
1000
51694
183699
109138
258690
33929
195256
107551
430697
93726
96189
238634
24719
183635
51342
39848
36448
623536
637163
605634
194762
158486
41186
193636
26169
43518
172305
158695
86633
183231
259347
173326
39521
415605
246211
173048
257387
96060
23846
158567
87735
170775
170035
184974
86920
90676
413502
194376
2108
40471
110309
254451
637669
428738
161538
156376
627752
26787
237411
67739
73705
248888
169172
75644
291944
239299
80589
155178
22279
109107
250841
50471
253673
167998
238763
44759
27349
235898
433312
104898
39416
96521
50296
29248
618337
74907
259142
93328
21940
192351
41059
280107
24946
248621
38074
98669
72070
95129
195397
16044
14122
24195
39611
159024
190493
87231
80512
22033
99720
187912
187804
181511
107636
615454
41398
253265
247234
600486
254059
73743
15734
56548
98493
189912
161572
158068
194771
58956
60562
81372
8116
66410
198289
198423
169752
9637
261684
41803
42963
155231
51665
90320
169968
241162
31619
169095
80386
96945
168343
237519
79793
158668
93321
248482
290602
237886
73929
415027
10335
160151
189967
164667
71845
155181
98460
31057
75205
248554
245370
88520
86356
45821
189807
67319
280122
261764
166132
98871
237925
62872
181864
417698
90135
28838
94252
38404
832
30704
97514
261550
604887
33826
52615
259948
250653
247821
166545
27054
290281
78019
4810
247295
87420
56349
161360
151515
96765
53335
22207
24547
41268
91690
247091
281412
98815
152218
200133
98617
189890
172095
162100
68647
16463
31171
153403
68799
237404
90713
423147
40052
155227
257164
185712
95788
245494
73529
83016
247050
422712
195169
191522
417038
83594
98894
109701
250656
154146
188727
195860
425441
73930
31988
36280
84582
82983
51915
152114
99548
35680
152259
104715
57540
290625
78131
249047
50619
96166
263090
80228
409266
153404
172090
241828
5229
24201
246155
40676
33593
40587
420846
68131
957
158065
100569
230329
26797
80034
153077
172183
151980
237946
260472
60396
85706
24532
201818
422884
21117
88461
55479
98551
607229
160720
93364
158180
240094
181313
163432
248056
171837
6073
409623
88553
423267
88728
93905
193031
31537
171838
50047
15536
27765
161388
291280
33600
257182
195756
65625
40994
69637
89906
165667
73346
56134
420706
163941
167264
76653
250906
258116
16569
245650
161855
428519
248181
100510
153688
151528
163931
64791
167120
91956
151732
56342
40606
25725
182265
78055
170152
616289
155495
66105
251026
22226
50472
431464
81109
92795
170465
189873
203046
41325
251859
195262
53330
36545
245654
97120
413497
247675
97386
78281
173503
98953
421549
182935
56350
428541
90324
96174
171587
69718
200134
71994
239151
66124
39437
29197
70029
158161
61754
152210
153970
43385
78986
166924
83968
22076
71323
130417
70045
39234
164366
98097
163799
181525
83269
48147
241156
166596
103090
248807
251941
172308
244146
189618
153687
185613
71434
80872
252619
238305
627995
163281
54816
162174
59362
152488
190572
186777
94954
257798
29239
158215
59958
35093
81301
71287
74218
40751
280047
404375
69889
188964
236257
95820
416912
167392
41620
40914
105432
68938
193500
39337
98960
433594
97921
72582
80885
90650
84450
239558
98934
159286
189343
55456
247786
150240
172840
153754
87887
248600
241001
27767
97462
90667
171545
66671
244302
248627
759458
83378
159729
77396
188940
290994
39240
32054
201875
44756
409561
78367
108297
201454
97162
98056
164231
237963
98935
166827
616385
60393
67755
66102
86773
174187
414350
250836
410754
201638
188366
194757
168114
174444
83898
150395
89841
237969
99624
71322
243848
2110
91226
72956
160158
415567
157316
66725
198624
120
11805
93322
411804
404478
412494
201160
188293
260324
29358
245021
60537
251568
28676
165816
64708
182923
158664
251940
412048
84816
10251
68167
428060
414375
35555
162163
252322
153895
98891
160945
93319
167405
194138
94573
80420
261134
98025
66667
258150
241404
154525
600562
89942
636995
169866
429416
188374
1023
50909
99759
33604
158718
72059
51736
67567
67147
245022
98880
44367
9462
174555
180810
75399
257225
193298
30315
171119
263107
76011
157965
48208
253318
158720
237809
252186
192981
238001
195028
81106
153422
250210
23101
78571
238613
74759
172301
246976
427928
40464
628473
411887
90714
24829
184975
245154
155275
59391
259158
107605
171544
253193
51428
41141
36561
52905
20234
424717
72484
91396
69664
93989
628955
44762
66552
59957
414393
2860
201783
65494
80588
109545
10364
95301
249077
91471
84588
62394
86756
163487
34330
252323
36523
73275
259354
158244
158229
160159
180535
55475
105172
165064
27043
189920
37309
174037
44755
89459
75327
33685
60539
159715
157351
56802
1529
291001
162177
415603
66255
157399
237114
200521
90465
423444
52033
67590
239222
162181
153211
192630
258109
43667
290456
153977
94298
57658
165774
89345
167739
95430
28562
166918
607911
156580
9238
150113
415997
83853
262446
258115
110021
43742
409698
90711
259070
237675
240816
157470
4534
159017
262933
153229
628739
164286
93324
414381
173731
84758
240815
185354
30899
406613
2092
95687
171566
154316
53240
9254
151639
155763
57688
77654
194482
31381
86352
167156
419800
159423
86292
11801
255579
248050
50801
99721
95417
195400
6100
431393
174139
291638
27992
196132
40170
9078
182377
170162
173339
87875
238637
106238
55464
93320
433242
50025
194640
156258
171830
64999
248553
56167
51613
97336
60644
193318
183920
172377
26410
33646
181509
28481
163276
94616
43724
88051
79000
80888
85211
63605
152112
97472
155302
249105
29541
40475
170322
68764
260195
161357
198725
180843
759461
77101
414388
83953
83389
57036
182773
77100
50898
60372
245185
430821
759650
190773
424636
291632
290755
153724
54161
4532
85699
201210
75371
28251
10363
628472
151561
180842
27858
190492
189597
180028
172656
201856
41997
250842
251390
159802
172831
188851
83839
425581
416815
417039
414395
161807
31097
55590
163485
80968
80220
12102
80225
52036
104935
9568
93964
188730
81358
159920
91957
163388
154937
98618
72046
51596
68119
98096
158667
173975
158724
162000
55949
104862
198288
194339
71422
261810
40413
23378
404695
59930
30740
237164
183732
67320
80248
39693
250837
245307
63095
256677
100195
91574
27660
230315
62480
415566
167403
96975
9233
163390
173983
203176
69896
192588
63221
643067
23614
100840
94780
411239
157315
417969
89303
153347
188364
58896
30351
237343
33648
74525
248177
51419
300224
243922
4075
95914
189929
59769
202356
196109
257174
50162
291287
248612
250909
90466
174088
425660
66669
238752
74679
166651
41326
659403
86509
415950
84968
68982
58932
94874
26228
195852
173058
238636
153340
243645
68433
290845
22031
32591
27990
193509
75627
159233
83309
31638
245806
2009
152207
55515
71191
27741
170657
251562
59831
198587
153060
608629
24867
423423
187923
257391
153735
261867
51301
167425
24441
259363
79411
33594
158678
172092
151826
83000
421628
40886
105374
88322
248920
280049
161358
173341
98883
35573
431390
41314
67097
75643
56991
194513
182380
159287
169863
25787
158725
107845
244042
98098
237418
9522
108940
417049
87237
23811
27362
188363
164233
86158
239220
98027
75356
41312
85318
94633
84759
61192
66238
406531
97072
84883
85755
167579
67560
51790
192816
248628
230347
251024
20259
249996
159795
41424
162179
55592
67358
86925
416808
166597
91785
23607
153228
39184
154758
84972
78759
58150
56341
54916
42903
257222
65994
161355
30897
237751
77384
167446
68082
412047
187915
84583
39180
159926
75211
154087
97970
55476
262062
422798
86560
82721
83854
14368
28122
194803
281550
37053
246904
59191
78116
260588
195241
182931
245069
432680
85399
419334
95877
86634
98285
189942
171537
69435
28558
171592
248886
9148
108643
109477
78411
71532
430975
237174
280548
162167
75531
87112
261758
41422
73963
193891
202328
82608
96939
37407
183769
182768
56497
166525
241810
75104
237410
84662
78558
41267
291327
155282
29195
5279
77636
86813
65153
33589
244303
185371
158487
611670
249635
93904
170163
257528
421179
169159
31602
75367
417691
71891
4237
98890
107145
257336
257379
56330
21928
76168
74320
60506
43883
156982
186220
74872
80098
260311
74992
106646
14162
250866
167265
94635
162394
55442
193918
190576
171596
152467
239782
153405
75096
172080
412776
156585
50595
88143
158692
30693
2185
93252
237113
172277
10480
153419
30093
23851
414390
75624
51614
42774
78060
188751
246520
171106
195356
249090
80197
95320
183768
249807
154400
37301
77271
93430
157835
158196
418257
243354
79240
98820
185584
80102
237412
41269
245935
190433
244010
9227
187925
9979
93325
616177
39227
607558
191846
238748
11807
154928
50800
90487
173170
85624
44764
58003
9715
198766
156232
620301
73811
84808
5336
250796
419796
182917
29283
155667
184329
94251
84887
34926
69430
69437
184331
247302
71336
94951
172162
158231
40518
259005
23076
29196
616261
98881
23855
422389
23845
31723
72678
257233
231009
63496
92562
158372
50628
239361
240012
77091
241815
81112
21059
41775
84931
427049
71889
415050
90318
150138
9693
59894
78556
154076
194751
89347
188726
170161
40307
160060
86714
262589
93457
66855
93900
80776
248684
83838
171682
412043
50570
69062
41188
241407
153731
63636
167158
5602
65508
237579
200506
74621
257217
72097
65801
240858
154729
163879
67994
20015
82634
65665
189341
68168
23684
260262
89045
154935
99056
171531
162168
158226
27816
188322
252700
39515
74614
193915
99051
68708
189344
192980
249099
249910
66851
99719
5393
35669
91820
17036
163423
202047
43969
261762
90200
38385
172300
153753
248622
261778
36473
184589
52785
61269
202467
40562
184972
252428
100728
161386
158052
50849
39686
428095
631685
65618
77919
58939
414387
180040
182079
60180
40483
55831
150649
91705
612194
24951
96164
262426
159312
71954
195344
241802
34838
161856
79414
151545
157880
71893
641377
40140
200270
290992
27773
51893
65792
50379
241809
72061
100258
67592
50211
615825
63281
71804
15171
40566
250575
72210
41327
65061
416713
89032
85596
251561
167577
154933
603924
158693
29249
59378
65629
54813
86859
169162
54385
257770
416714
8751
245071
173059
83459
50036
262624
94994
171598
251142
248603
79990
261682
150777
84137
202127
191323
40679
150677
80403
167731
247801
250460
47121
9150
71146
412778
55486
251567
160699
31033
237926
419226
158696
257712
58753
188361
619636
421193
407293
97943
158701
158225
187614
416917
72209
258146
169751
258905
23447
155909
168361
154320
195181
167918
79925
414260
40046
420370
195862
169937
96745
5269
65169
251565
91380
249636
57212
78129
50901
24549
417300
250794
157400
40993
181863
166566
24962
152450
2133
237889
105475
262855
52043
192587
198762
73982
431391
628897
249101
186275
616325
197338
189797
430571
249098
75711
194763
422533
252327
85290
9442
413099
237145
99129
31058
158962
250622
259003
156439
237888
251856
93256
68411
39408
67259
409833
197818
71888
200307
155720
88959
174031
108994
165778
241825
202947
167742
4392
44323
170674
100839
31378
172367
182387
196120
89351
16277
189592
173984
168342
188789
165410
96173
80219
154526
159767
52034
419803
159016
241799
91827
94392
86155
152987
42760
422011
257165
174046
85621
413809
202339
152451
151467
430681
158958
55657
196425
100550
655768
258754
62312
2582
1127
151948
173450
238756
180492
154351
72905
15438
188370
92973
163440
180406
238115
241423
1388
238617
62667
189045
174189
84135
290122
251855
78314
759451
100518
173978
53656
237192
249074
156438
192591
261222
623101
89934
163396
162180
420371
181470
75641
9586
172210
24801
400465
422394
182381
71953
72410
194974
153241
195164
245024
68937
237970
261607
71190
409852
75352
9092
97937
41271
416963
290630
54867
159693
38386
72640
170862
5306
155187
260924
77057
79087
420154
412561
71959
161491
97403
106707
154482
432905
91959
24502
605623
68766
151498
100420
80517
36356
230330
81940
611409
80218
79646
151499
68300
194342
161853
76524
167009
9636
74957
250094
23241
52054
93258
258936
413036
260922
158699
100618
380356
33601
194379
158102
40329
56338
65991
259074
30891
67568
65038
63222
194433
1879
260866
153461
90134
82347
158669
164403
169154
93383
62904
200131
66868
155636
94872
429189
78152
237968
238492
625
72149
88649
195237
27129
202746
173060
243946
31111
83277
96956
260853
9355
94421
73396
174087
194737
72079
67517
183731
71895
160646
71685
99368
430132
100548
20233
107574
254072
248893
433086
160645
78182
85819
11144
83388
26308
248803
51725
172283
94340
75628
252367
251845
28891
106670
86025
201753
182422
163272
98026
63239
189923
413491
195395
237927
250627
252135
413988
195070
88546
240404
280400
263099
74611
80879
413127
245293
190573
43939
168137
616516
63562
163488
629106
409796
97480
628907
171532
236262
151734
81205
173730
55558
26041
180460
99456
188753
78713
96319
89444
98140
259479
158713
83338
153464
4077
97941
50378
414373
261043
99458
79263
258937
198201
2296
39130
413492
265592
7788
187613
54247
63677
409449
413700
290626
258123
238000
194344
65367
249909
85521
241801
13425
413714
160161
25413
40299
416924
93587
291104
26063
78767
40672
150211
71058
188090
94603
29223
41423
43230
186454
39533
623975
83851
894
103620
256220
66261
85701
44907
2750
431580
172146
166058
164407
153972
196228
32742
184758
188360
161351
55872
185393
153750
86913
108001
245808
167950
194973
90180
98474
26517
8399
5333
170768
252130
151495
36355
184696
50895
62040
162196
415604
84592
89938
9818
421644
416915
257728
410709
172837
152254
56554
151503
201587
161772
98783
77370
49648
237616
202018
60840
29247
156531
409272
94779
29443
32525
10438
70046
418693
51143
91224
41145
81485
240055
161350
427140
27843
156366
420475
182378
40928
257285
89446
99081
189374
51734
41209
59920
60177
85512
260695
92394
238625
35544
194975
193294
163394
72579
81526
89844
155772
165063
92102
158672
191526
33276
230346
201448
30403
103910
88315
156776
89648
189075
245061
54314
81066
163397
73564
189891
55469
184590
631709
69171
158165
194343
40482
430696
93588
246965
39105
172297
62396
98284
104196
159806
2728
75392
84811
60514
109460
196286
202019
77763
9080
78861
22177
69897
95379
41313
2246
600285
173346
612209
5165
35755
51343
100856
86757
54814
290757
50855
79086
76972
80147
67989
412390
426407
97012
41421
45818
81868
253888
94602
27237
33658
241824
78415
409930
94019
637680
164349
50872
181315
168052
108193
163927
158505
9548
244241
66253
50848
27539
79241
248614
82303
162172
264479
98547
95072
93938
84584
81922
96955
86814
258691
73255
192596
159426
421548
28732
29224
60620
193292
164232
202769
646265
238952
53792
50164
165776
166919
151507
160150
36206
34085
191519
258110
33561
157560
79998
167920
65731
67404
203008
152594
79396
14359
158066
85352
56710
40513
180841
154160
241808
94018
50034
69299
104654
425682
110080
417704
628842
251483
427045
28482
196114
201214
240859
74706
253843
241484
415810
241938
43451
65266
10181
260585
89932
606235
78410
69663
83481
156466
195204
152208
250806
75103
427985
150092
34203
155712
98811
96561
65728
248000
41352
94634
169934
31077
197874
189601
5070
171889
73964
42743
50493
416886
162731
153344
187878
88616
74333
57038
102351
264138
67286
172834
411462
243
186534
62368
50937
4808
53800
80848
83407
52575
759459
618714
168007
608269
243410
262858
51391
165365
185933
77591
79325
195249
91783
410958
41937
170568
94890
16462
63037
434188
196330
261548
150096
247029
164636
252369
100530
257051
195247
108392
427048
258681
154153
212
39228
72014
189919
97555
107215
172145
30748
236348
291002
200817
71802
710060
245326
182426
54063
92561
75213
27920
68890
417101
162402
25707
246967
167427
25622
158662
59753
9237
425657
34678
154929
81486
200532
152216
41397
24537
84585
71686
110033
193473
86621
81527
72775
411975
158224
173329
97478
71095
628466
75994
2242
98879
238750
263103
290379
189530
169149
196329
253194
193639
67055
80144
71288
63157
68028
194432
10440
240054
157532
249071
165772
97013
245000
247533
244304
433236
158709
202657
249095
249022
402503
173237
93626
172096
241243
28345
246255
92249
150242
107946
416810
238628
153739
88953
91096
96853
79997
194335
411801
78686
28079
249081
41754
60181
164954
170882
165369
240198
189647
23849
26311
35772
55518
188297
165368
99054
237139
171870
154759
56365
280106
52943
24545
75630
63098
198780
165911
83596
95997
172089
158742
238638
9175
31289
196117
247033
251025
67021
90507
153072
189930
153725
248149
247237
24567
186776
156002
413983
180119
241492
195405
96953
184592
431008
237421
9605
84661
411024
62116
78072
193308
70030
2184
5298
616277
32549
56321
98816
67757
1841
166709
35267
2993
255576
65141
94020
75372
55466
54777
41315
251939
86307
186861
185243
87784
88727
77599
641378
185540
235900
81453
422523
238196
85398
51495
68537
173752
236332
76611
245291
90321
83595
172024
84465
189847
164230
404376
251145
259049
201475
82873
51612
56334
165804
166991
100789
164431
59750
260556
60643
248173
74660
193504
259334
54070
169143
2111
152212
63657
258139
189622
71633
85953
43041
24763
200258
88929
433187
259023
169151
76262
153730
238745
154778
159281
193637
51206
174203
80341
192181
237423
250839
760017
58707
241826
72043
15172
422849
85622
31677
61782
9827
247051
106482
172144
418601
153936
251474
165232
78020
158689
50896
75965
191527
152035
66479
96940
163430
65627
94637
39956
165114
66244
71202
258144
50995
190747
66558
67756
241157
259001
241413
245653
99340
192365
61271
171972
230280
65992
426095
103975
32740
430977
261765
96856
69665
88264
56437
80580
171353
31118
27948
83902
74612
173327
95053
55294
95052
159798
24536
202810
65838
193306
164633
84458
28645
193859
24544
109419
247001
39189
58311
82914
164444
166653
78138
171599
250912
66242
203009
172094
237753
105923
172164
50904
417682
42168
160289
78404
83949
80097
15862
253878
96190
194759
433233
74039
427562
83419
230340
54367
92218
237290
413255
291945
187555
81364
191542
40974
79989
183632
27682
85615
258271
172372
165777
8752
180493
81495
92553
30703
280323
153025
173127
201216
250793
241414
8195
86921
187909
412003
170052
181314
254472
189648
415812
155766
260565
190668
237848
230441
44863
153934
4146
88542
180890
75079
82409
249068
48178
76313
66161
81917
41264
411025
186216
2994
236266
41753
40794
416811
416916
66476
248890
1625
291285
7789
251849
27152
68733
95413
53452
193894
61751
192353
152348
243415
419631
38419
626
3056
261604
182932
247727
54017
185539
89940
153976
66133
185369
38136
258057
628489
67050
182919
171533
658160
66879
78142
242200
9569
189932
173062
71771
186864
152251
80671
257990
150344
63164
63165
240246
8241
163355
56352
260854
202597
153420
29353
77640
51738
413107
74622
237424
98024
60174
43799
258939
29407
258504
85568
230333
162760
201369
95315
195355
15084
161949
152258
88952
51621
181861
85401
261547
161858
158232
163428
36549
161862
100545
291331
22073
81498
66852
100174
23962
85179
237361
252128
99306
253320
11802
108419
65059
27839
24156
85040
11273
66732
8405
73793
187271
78572
88445
9079
44509
12105
91691
78147
247411
189795
417962
185218
50847
157836
26309
24540
107543
258113
93944
24326
78114
411210
259165
166134
59387
44729
72823
40992
78402
254069
261853
76415
102056
108976
106808
51093
169936
161987
40477
91803
167576
55481
168749
97904
189551
83954
230102
59196
422388
248632
68121
26468
2156
68611
174445
40412
102990
100878
414383
251484
72383
163939
186778
257527
230274
68955
75239
183881
54820
191329
55509
77294
36151
416807
164434
429907
163443
99965
83728
429191
35692
88726
95378
241845
40927
163862
259424
74627
27402
262680
260999
83840
81920
88909
80282
50903
171593
65152
65666
251658
98047
88521
51208
86166
78406
409511
153740
261560
95319
62110
400093
251144
85604
280418
26963
62165
90721
415885
152219
155029
48146
56980
158743
411023
238612
92767
66245
20945
417684
40409
155382
78368
627389
252324
78730
43569
245641
163439
63716
59582
237674
190535
86926
28214
90181
280549
402882
82745
415707
193319
159728
243838
167921
97461
409849
79929
263035
184414
31370
159021
9863
97553
97590
84967
102358
174045
156584
249075
163414
759452
22215
252390
62691
76269
432202
71604
257175
51896
240025
185372
257227
100267
84814
152264
248547
43464
67098
151841
194431
87120
72561
30390
195239
167905
166836
84320
38294
151506
93326
87885
439
97095
411327
411026
192857
202944
80387
154480
191558
78863
33925
99455
159395
86165
410144
93908
606424
55749
55489
193309
82940
151733
188294
25724
38427
195251
188791
29390
98616
81918
160655
261820
192348
150540
161857
9466
98782
67970
93687
425443
34316
88378
169482
50621
161859
41193
67349
152213
264191
187272
80245
241000
84767
426376
35494
67589
62193
163417
417700
66158
78395
266258
72029
201641
72581
78184
187880
68412
34046
195265
16640
162953
201785
433221
57690
194765
93987
240092
156616
32623
628479
91130
130416
58024
188703
170149
409647
9272
59763
59583
1565
24942
74675
409715
90649
84572
39415
73044
91823
81925
86204
5335
35637
259166
249065
30018
86511
172793
86130
9529
188983
71019
4669
248237
260361
85007
159205
27306
78141
759652
79988
195439
99806
61701
428512
30615
61144
251850
253549
55491
257339
256209
85991
155386
172378
67992
83347
291283
419664
251857
202273
421960
65503
85522
95314
188795
55589
174567
193920
188
161348
54464
98359
187916
58692
247047
153715
2720
76747
429208
41425
174644
21935
197861
262427
433311
152462
421903
150655
5601
161865
14354
51389
56504
84705
53241
166710
33505
78312
156436
189800
417699
161669
80956
600563
248623
253485
28159
110041
172304
172284
77585
4682
162186
59741
67401
195404
190344
244743
190746
201452
432206
90002
31113
84201
93392
82610
78862
194878
191521
427458
109700
55478
165770
170914
50048
150915
189889
200634
241661
197557
156583
31375
183820
64795
413539
6003
80339
622460
180465
241425
74991
51158
50626
259035
45666
186213
84082
39187
185612
250845
51340
162164
83460
97936
416911
59956
77582
93429
77367
183811
99457
158163
419137
631441
158107
202352
7941
262788
4849
247523
61753
65985
26619
170912
246740
68265
165285
252597
154416
413111
51142
166923
8400
168633
87992
201636
188622
2359
153208
68934
8401
251657
259170
158683
173333
158711
190693
281136
251853
77721
168117
91763
43352
257396
413390
196053
160160
108783
48127
31985
164546
4533
246313
248805
195168
66243
67993
243923
80458
25824
9394
37306
171834
260606
27238
45820
424921
98429
202353
90176
187918
24500
73052
244143
39336
411240
28483
152038
169611
429512
53424
173328
416813
90447
80140
96169
616192
433238
152796
237577
27997
30864
281601
280793
88422
94519
189921
198625
248734
90675
29251
87948
250655
100099
628485
130010
28508
31361
57213
236267
68181
195450
88907
200862
253195
58903
161808
98286
40350
241244
68667
44395
85139
66321
50908
194925
188368
628475
238303
98814
265063
97554
155665
191350
9866
50306
74382
248350
262856
195859
2843
13023
62275
80871
9633
52868
419802
241337
161405
60542
1126
290283
91528
156489
155186
239368
56592
94254
62616
156295
165113
56546
78127
84175
5595
262846
247520
291334
24940
170304
81373
291634
172841
96936
259342
659405
160290
160648
155226
85349
162732
247726
93316
109271
65988
152253
202089
83842
79332
153727
73792
167995
28479
37406
193638
251848
248921
75623
63362
154938
74677
66731
228
55470
153720
26845
150186
429725
54877
75389
69163
68936
238640
262840
78132
166677
58899
84593
159691
73789
35691
187323
418545
91086
237409
187516
41234
54465
88793
74383
71939
92986
162646
188369
194749
55465
159425
180029
97674
78413
420477
82915
281041
154159
75632
182891
66130
261021
55562
189888
201086
29242
415489
73798
160797
67017
28007
83310
195855
415767
417040
251886
41143
181045
51688
26914
93253
82404
37106
171959
93803
193893
55713
36573
44349
83841
169757
9806
155388
44932
73022
98893
416914
74367
100852
106043
290115
67351
71951
258153
192338
250864
24539
262060
235902
65263
172829
247725
182772
33626
260212
172368
180891
65866
407876
68960
33897
96639
171590
36547
9523
189917
196892
257714
154727
646094
31379
68031
413251
38229
2182
194240
239166
72028
171242
195252
55871
252423
171003
85773
24868
41014
158870
104861
173977
92220
78125
235987
24534
44714
82406
152036
33728
154728
190497
27103
251485
73647
23204
97070
55714
241820
52528
2729
160468
201453
32558
253395
38295
68068
72067
93491
186779
252366
15392
170158
152257
182372
67758
192368
241869
97898
96976
93742
187924
191849
255854
72027
261220
86927
89933
410866
151519
163435
80222
238626
55033
28650
250195
164005
69567
421545
40330
642250
36512
759450
89513
57214
185923
71900
155563
196328
419807
174616
67763
643934
94997
422397
39831
40279
257376
84587
189614
156529
31090
51785
189894
154936
192991
163884
159698
426588
53798
88263
84681
55832
84561
67227
155668
290132
409854
89346
92492
158741
43515
263034
43941
63607
628494
248048
161692
262229
98911
26268
627105
44720
74605
290765
9934
75011
40673
63670
99996
239653
154189
250093
85207
102039
87215
75156
194667
71680
74871
236974
190145
411219
642091
51409
28836
182937
91339
151371
195399
169862
68427
26068
9021
80670
182390
67971
251480
165287
57152
238046
241819
97619
153752
154154
426370
23186
187612
58708
238761
161432
99489
27366
87233
59762
79112
153728
86935
62115
248626
2445
253421
189887
65039
251491
247521
166642
163877
40463
94345
68430
192808
166287
169610
43220
85397
93439
257234
107671
37409
69596
186456
190743
79230
253063
100309
186952
414259
68472
63604
75402
80955
86203
261019
88543
64998
72072
51426
85351
250621
422618
185905
85410
256319
29193
249094
39164
26036
415811
201457
58694
26307
615718
241424
189968
72418
186218
259160
291102
97479
50271
74283
153722
418849
16386
75393
78115
41732
151197
153759
70024
90664
96943
182421
153748
79317
189201
23027
39473
185476
50565
24710
239772
150233
189580
153974
80582
238989
87119
60175
291332
194245
172642
99633
84238
429180
257383
409578
430602
37305
183961
75100
173684
616296
245792
163427
632069
252370
169935
153346
9022
72822
90056
166491
36562
44869
419841
171839
259624
74613
9988
1937
85663
98053
84932
193931
414374
58696
182068
162102
172838
60207
8124
172133
158681
105756
