642934
419228
55483
155636
35693
95623
188984
75373
253843
110021
79628
195404
91946
759445
408145
261138
166919
83594
413825
34388
83902
96163
194755
159148
195970
77295
80341
172081
171595
16823
759452
14337
80224
37300
50596
96955
5475
172299
432113
245308
243378
28252
88461
290477
200635
40656
98188
85701
908
26482
170168
161406
31289
174446
172629
252133
43742
80340
202943
158676
409713
56132
67560
418967
36550
188726
158068
82347
168343
241424
236347
69890
79989
190698
33659
80847
171170
156385
89513
626999
28079
159714
50518
31362
78859
39185
195262
33627
92576
80967
40678
28132
43352
59192
98553
653482
78126
85290
257527
74619
40707
431464
194601
26749
202597
159808
625
182433
238616
84808
27417
78146
169151
259159
80543
28648
414392
83928
613700
189365
58692
80921
75402
237110
159395
55559
246155
166591
71284
429501
96940
34452
414384
77081
85819
153510
50271
5591
72155
53800
421273
51264
93629
79330
8024
262678
54268
246781
155276
95603
156584
411210
259160
98885
23379
165230
16127
150233
191117
160999
257155
156437
51252
628489
24393
97936
30861
420370
246234
54070
51692
31372
201796
9178
171566
57000
89938
81481
9471
9528
4392
90397
83952
84583
180035
167267
173127
163431
417703
87109
54388
39437
72582
181510
431512
40030
161002
171592
183963
153226
251318
419804
180119
153466
237928
202810
50801
203176
174615
30315
69435
55508
162646
260924
55662
250621
248808
260928
259166
95915
163306
161949
183633
188707
84655
35269
291944
255854
78367
643934
159287
151502
195355
259033
155278
263034
169725
74998
97617
252428
54247
151748
264479
108193
67006
184973
167355
90131
95602
1458
42743
167058
33655
89442
29063
194768
94016
380386
78400
29239
74661
48128
194337
97125
166922
83968
99055
95639
290280
72942
91168
40057
188090
68427
162395
188374
81366
97780
80117
158054
13424
612191
180987
104715
419808
74604
33589
57658
182381
433818
32053
153224
180819
172511
253422
201037
243656
65992
45816
156535
156409
248622
162393
93634
20771
15457
248684
157965
250625
156531
44970
200476
83475
415602
238988
414264
80888
94889
413251
241405
263031
39834
74612
280398
237753
248627
74772
193891
41265
84967
606257
68938
280106
414394
59739
33603
59769
202875
110041
35540
408313
12105
23682
248551
257714
254059
239716
110748
81077
152794
74523
153736
82983
248680
24174
171879
91339
290909
75102
83311
44764
78183
99736
96166
93421
71956
72678
88927
83339
155388
1924
15490
425109
248632
99631
154147
194802
174567
188358
615610
6113
249140
91253
29235
79785
258131
57875
94871
158059
249067
417425
51487
261849
81350
73604
430132
153744
182917
35694
241801
158213
90722
94504
249088
193113
38293
100099
257048
31677
291001
628842
91572
153174
78804
81301
188371
159694
90727
241002
50275
69171
94422
248612
72127
257394
56134
90179
16572
241812
169152
82608
75646
169968
169042
72859
172131
259849
38294
25707
252696
153222
86920
238005
75630
55491
106706
185370
78405
23849
180406
189202
95072
152211
40456
158231
8400
237849
300225
241808
35692
56189
193297
426405
247799
4231
246403
87110
130019
23441
79231
251886
189930
66103
51470
62285
39694
75640
195851
240198
249081
63605
163416
89647
81945
170148
102383
94953
157339
247330
28159
98934
97781
170289
30891
93687
55466
248607
152663
80580
259018
45666
280126
172298
164544
53295
245608
759450
28387
291928
40967
201447
425682
417697
159794
240815
192593
28465
610353
422389
150446
57213
80623
259140
88650
616196
86774
88144
66118
230037
78876
153405
164080
414162
191119
55660
78854
69612
413098
248609
242200
195594
41314
94995
75999
96417
55033
67330
24213
155179
247726
28644
242122
74618
189461
59696
246904
237575
40313
73972
252129
18111
168999
62937
91828
88504
193917
156496
190575
413086
51342
182425
427107
160060
93323
94607
263102
259424
91820
251846
66410
248168
60181
77588
158672
55464
23607
291326
71147
62192
71604
190745
54864
245185
72773
68431
418258
172284
91706
59226
198070
31111
156579
261846
170160
248167
418693
56980
251477
238493
39772
171972
97480
192364
172094
642937
90323
188799
97551
238612
260361
423441
84665
240328
26169
44509
163441
79910
429405
75157
72546
164407
189970
95616
27103
21935
57500
43571
78020
39514
106998
193314
834
2381
119
173974
79332
89459
66132
173058
162929
415566
81305
412776
4536
248188
72079
93396
202322
100522
17038
58555
77300
194245
61184
99621
68131
626
154159
250460
102990
14394
166525
58311
202085
96119
68627
86642
162402
1937
15981
93047
281083
44391
195745
68238
166599
172283
75396
241869
162163
163269
58740
92387
87885
59655
162576
80403
95479
248606
637163
41327
9570
67103
66159
50873
196109
67025
198585
150118
9605
6027
280003
31390
290119
155335
171890
420822
174188
58930
239361
187804
164762
413106
89056
251565
162392
409480
107649
34331
252421
190652
27327
168749
243376
411553
185933
844
71336
159799
200472
251452
604514
197818
80227
414163
68267
88138
625663
109477
188789
180192
194644
161354
181655
251486
187925
54817
414350
108769
63362
51732
158678
187908
248235
606259
162958
68167
88725
261721
246662
416586
1125
248602
152245
241823
36547
161905
260470
212
194773
82610
30897
200972
194339
248615
247295
77721
27400
80033
158053
230316
69441
427596
158225
171538
95319
151496
159920
160797
31298
173060
416927
59749
74620
422385
154316
152620
183117
1303
30864
162957
97201
238047
261810
66245
86936
608458
62904
27525
90506
9635
259334
60597
58207
81205
80222
158673
168360
159760
78554
98784
415029
251023
2995
169139
90319
421274
95820
251499
40170
190770
76927
248013
167999
168889
75212
91531
63496
5081
56538
187914
72075
1457
55481
94011
164634
240013
26724
193563
201215
38295
83336
257175
155394
167404
90669
170625
196892
29193
169155
75641
64902
71019
168142
407803
432198
200437
9150
186275
62286
196118
161422
157532
90447
81322
87213
155469
50902
182935
154758
265180
290118
180818
182767
201363
75910
80099
237946
174138
2801
623536
78665
41266
158373
63095
257222
241822
102148
158223
67286
27497
238048
27043
172377
605665
154525
241426
257528
104766
411462
171114
167263
237967
607842
94600
249098
100878
759459
183686
73795
170910
100018
62396
37303
180057
65838
56437
81067
202961
80522
172366
433185
254451
426406
238619
238632
254061
34100
80146
194344
66345
240817
45667
108994
189342
15698
158640
88667
245498
172077
422396
169429
2276
195586
183634
152085
411145
83854
158696
79645
34314
82304
74514
423582
250629
247521
422548
191322
246447
64787
83942
170166
416926
419625
188549
86291
80249
158701
425857
86167
51600
153397
162760
173338
30851
160453
257331
52043
157399
194774
159797
35691
241660
73973
159592
163419
249070
235757
191140
165285
65988
174616
416709
40052
79389
237409
107598
80142
194925
261684
86910
200532
259072
83083
616327
83729
406612
98056
195971
75671
150234
257388
89443
63474
72640
52598
108905
164229
33626
27349
182071
52037
100195
98813
80035
110730
259956
65153
34330
9529
197557
262999
290766
26841
40675
154090
182265
163397
153229
33503
5671
79509
65141
415707
172619
4812
77294
413500
90662
238755
65665
171547
58003
24769
51734
247821
50799
161693
78583
189572
91705
155993
431388
5152
247003
200130
29544
235898
13019
280419
98888
31058
249069
185612
180493
27765
200209
261020
171237
627752
291329
41186
169426
241409
99629
230262
54818
8401
616491
413698
85623
79202
166923
258841
27994
248237
240665
164438
50494
41352
156688
413714
60415
26309
51681
90438
30018
27997
180039
417962
10439
74611
43800
257050
198269
94251
290131
97619
88953
174190
246093
78131
100174
56552
247048
28007
194334
32622
194735
91294
193561
59500
55478
420476
55949
238754
40861
201744
259354
72068
86740
415997
202999
87947
180840
151505
192979
81940
250846
31171
52603
91261
45821
241160
258129
67096
98552
96771
241481
160290
409850
195123
93588
41006
409539
20215
102382
237576
258142
153241
94020
189045
241123
174171
168888
155323
18113
167403
249948
65792
68799
59894
63099
166493
73788
55749
190225
248149
263104
162180
57127
245326
256677
237415
78581
21116
16750
193639
99963
89093
201783
251034
81922
64999
33716
97743
187413
427458
158637
163429
172656
161574
51496
188294
241938
52626
155558
238751
1548
151970
75913
81484
33726
192357
159620
197703
414378
43451
615905
262859
192351
40873
290457
95687
162401
239718
84681
622458
627995
237945
89947
172183
183920
258144
86854
291311
192981
173072
86306
60372
174445
170292
72774
188795
6100
51896
99720
197686
77074
35495
252365
238634
290130
36206
431389
246225
163414
65733
237969
235902
237115
248809
164543
186860
237192
103434
94608
2111
250211
240011
250653
82421
190574
50800
97555
33649
159615
43572
261605
245850
41014
90321
32003
240857
62178
82927
56970
70030
51289
290629
11273
153714
163926
238757
412780
405958
89946
96195
158712
90320
629117
254071
105922
248890
41264
63555
152987
42473
181044
53128
171534
246211
71439
105432
78573
97590
171536
252836
241482
158743
280320
83268
27945
412390
78955
248620
171586
38427
249021
78133
433245
291945
95320
257526
80020
72418
198779
68031
202273
172301
68537
15794
40199
59956
159021
72350
37406
429397
90507
34085
40464
433239
50618
188751
70031
100617
62111
252422
158723
16655
23107
408314
155275
246729
196987
290759
99622
65340
422264
189887
188295
56591
82312
109545
86203
21936
86633
44692
236008
154152
50033
89460
79000
39180
289986
236263
78403
158244
629100
31370
106567
261548
93439
619636
54056
245497
152461
71804
258122
81066
69639
169610
83948
258843
86941
290939
173336
83840
290378
188362
94342
172092
261688
104654
257224
87989
291284
36513
109363
38286
404696
191896
78495
63462
291633
87735
252424
160864
291103
29350
31092
68412
245291
251385
423306
52431
106534
155444
181860
88322
86644
24187
259164
2376
74606
44613
196330
22502
183087
1586
290599
77763
40471
155382
240006
230132
36280
88314
162159
409885
192591
432207
77087
44932
189201
72717
69664
152112
67358
251855
885
74871
413207
619730
195261
250793
78021
155560
72142
258110
154933
79411
189628
230280
167948
162266
247243
27365
425440
90719
605623
163390
25024
98474
258121
250907
243410
196327
93635
261942
241419
50175
280401
245061
193168
50197
419799
35153
60966
100098
106808
40885
31121
195853
104129
42980
391088
11255
180403
99633
19006
189531
5393
166545
252698
171593
263106
161405
416918
98214
195759
181312
237247
246226
90883
33896
422540
43969
243947
52034
194322
28650
600285
44863
74958
66730
99459
67568
14090
60393
230247
163393
71893
246400
87207
102359
290631
160318
261851
95714
248892
85556
255807
9866
84810
107648
185932
50565
96319
76313
78409
65499
105544
78123
153745
407877
194736
82422
404697
238495
96168
58749
78424
411239
78127
197006
72691
248626
51344
257116
194878
57243
26310
10672
57036
193301
78147
75098
159198
84886
607052
249072
30582
97514
248075
35379
188158
96945
417687
627105
250798
153719
172834
430970
95482
23143
20008
40051
67649
11254
158668
66101
168501
80673
6006
16463
237964
62719
106950
108978
659561
180842
290287
430556
153077
41002
244010
90674
86621
79327
159650
78557
84376
78054
290981
90200
172285
1412
165778
171838
97616
187923
98976
173170
422796
416915
421276
59761
30692
153748
73746
31361
165665
44716
90182
250626
93630
191330
154728
82408
154479
241413
80143
37145
67763
167731
421066
157879
77654
186952
152220
187928
73951
60398
159729
106251
86516
171003
194815
237809
202467
30093
153738
20015
40567
157642
42774
97068
237140
84580
163145
172832
261302
28377
169162
92034
190536
262427
110393
427870
24472
96111
185906
58168
57569
193636
31381
92397
182766
74526
250252
98879
59770
63037
80589
93114
416912
77092
36343
183812
52285
94906
72143
95625
30815
261685
73022
31602
421275
92911
86293
183810
43578
87783
196326
150677
78115
107216
193647
39848
88795
36204
79325
429180
246356
241476
40912
66672
72209
85596
54017
81500
171594
83940
86710
201819
155029
198787
60395
153250
31722
426371
627395
75206
40315
81207
153463
50797
158159
21884
79928
24203
48154
246976
152254
79415
189340
417690
237675
83388
237422
611670
261021
187915
194757
76946
196110
99085
82607
80068
94874
76524
240903
23857
93328
29543
245021
38385
93252
164545
202516
69170
94421
156295
75099
201160
152261
74617
153211
191519
611409
42961
409655
185613
95478
98672
91877
95788
250657
163882
391132
62116
94019
239299
151495
11551
78813
66064
35768
37410
96853
195251
99052
173052
110394
257234
77600
160158
67017
88981
88421
98095
170300
421272
291332
2157
65004
174189
202088
73787
187429
167740
195854
241810
202501
77296
171835
194434
41421
74676
86911
424582
162164
248381
167995
35479
35573
97095
89350
80414
246903
77592
71023
422388
252137
23773
255853
75399
259947
95037
184329
51693
431352
69075
413110
27839
24719
155719
36548
30867
253487
194342
94393
163433
186454
181469
173973
84661
157834
262849
156464
235897
652896
163427
257337
22100
51389
168856
230784
189366
44756
102758
9235
153242
40947
238761
290845
26068
166526
189618
417424
54820
83839
67761
152488
417215
68264
237848
63716
194139
38419
99548
427045
616277
247839
427042
32741
73964
86155
78142
646094
93428
409930
261853
59196
70029
415293
62683
189846
31723
96291
161432
198762
82915
89841
54599
97180
93391
93318
98774
423444
173325
78407
159291
260697
33982
250832
56500
104070
150824
632494
59831
4075
94758
75368
188623
158724
198423
171587
93116
252373
130010
409530
97015
72060
167919
89943
16044
71892
418688
154158
27399
172095
84816
50296
16510
237403
9355
246401
25681
190433
189912
6273
154155
94601
157334
248891
84175
247050
412777
98617
416809
264192
162593
155822
56499
93587
81486
65263
158568
81482
73661
85415
244743
155215
169699
71896
74910
98935
174089
183085
248150
151587
86673
415489
430603
39235
422690
2043
80246
259363
280693
257378
98902
427049
19069
75390
109007
159699
193317
57968
409551
50291
195591
290114
262060
75632
62671
415735
73043
253208
193434
28179
260922
658001
292070
81105
171837
173996
39685
81358
248172
66552
410097
100862
629308
4077
67147
160173
38892
62618
246519
167906
5304
238305
60540
251480
290285
158681
44349
187911
406745
164169
188292
58385
606235
95130
51613
173344
162400
41325
200657
201818
91285
93973
421644
15999
406614
26308
69595
160163
152877
73735
97588
67760
291300
248353
181511
183031
427174
156002
62275
159692
76440
188323
71890
26990
55456
241824
166709
185242
90325
72059
152208
240206
182266
422011
431392
258681
88794
54812
27357
35380
5336
249636
153260
245539
62988
81947
406525
433456
153756
245793
75354
158675
153345
151197
180839
58903
151508
158221
155720
192359
196425
152128
167402
247729
75633
91437
5074
84753
63165
246931
158372
8753
164954
237412
86130
31373
9175
185368
153763
56554
173452
11799
180465
67759
26517
158163
243409
74623
160648
171833
89726
237111
257504
430979
194770
419631
85360
171463
173980
99489
236004
260195
104898
629116
238753
248804
172093
237139
290
44514
422427
408569
100420
260198
70062
247531
153465
67590
257798
422380
77691
69588
54793
90673
24544
5987
151467
159712
237578
82913
96944
72580
259168
171832
75914
52544
75104
172829
160469
65666
36148
5672
41038
237847
158216
155768
79793
162782
72045
151881
83347
608629
249354
89447
170261
36453
191326
39389
95035
63157
2245
248545
35138
155180
158746
192590
251481
14000
40966
248734
9624
241484
156583
241906
183960
201211
92394
249101
62670
79158
431370
189576
39831
106556
78666
411218
167120
55561
100615
100401
33561
180040
40679
155231
75381
65147
161345
82920
10441
41399
616262
419800
40329
100852
174321
98428
249974
16177
193309
70023
251485
196325
426761
411887
290764
169144
241485
73170
80671
251566
151504
87560
189115
62260
195252
42903
159023
642192
34316
183970
429967
193913
181314
194343
419747
290456
252324
161491
167920
159693
173620
91096
433312
33758
186216
195857
182066
90326
72029
424920
58753
84135
68634
657616
153108
91763
69461
16386
169095
75629
75623
41193
56333
2184
64998
40412
153467
428097
195346
165814
88532
105936
69298
86759
171531
63221
249063
24201
86715
430616
63461
180464
248056
59362
90180
9548
160059
241818
22399
174139
170149
98467
192182
69008
55599
259006
621651
168141
259352
291614
180462
188802
183687
202350
182789
83000
103090
163861
32742
237193
96060
39391
50855
29223
78767
416714
153099
54868
166677
22073
252425
158670
189931
24540
243864
50904
411024
96061
197664
250834
39331
432270
74615
428543
99718
96854
156537
413697
426373
187880
173057
415890
45818
192340
9818
95053
251567
193029
28214
78314
56343
259238
87563
36169
31033
163395
616187
250794
85705
40019
32688
172620
168117
189796
72504
10335
187919
31568
43517
602043
32627
153725
243822
73275
245071
161669
26477
154482
421628
31345
291334
66317
58933
158720
54552
164432
59768
94420
62669
150113
48178
200862
180041
40583
187878
247000
52938
83277
201362
95450
83340
35572
193305
173978
248132
200129
259162
414386
151826
81106
61026
1341
167684
50162
238491
417699
200980
189895
76014
183820
166132
56556
186269
256219
198724
429178
168362
241241
170626
83853
28445
81485
43054
159350
159431
249941
77572
163858
186861
246404
67741
423147
102072
153726
170164
258905
2738
193319
261606
153688
50872
41424
185354
173061
63289
22207
194759
429472
165113
51695
24190
169611
190145
35057
184318
21934
97943
153895
183964
173451
28327
241330
191408
10510
67846
79859
62873
20863
1841
418436
79474
155563
241237
88521
91957
4640
21115
158688
418090
40673
262840
79918
56320
24534
49734
230328
169143
187918
260588
14123
109107
244303
195070
188940
88914
245935
239165
236348
171169
153751
427140
290601
254057
72716
66104
163878
251135
190744
162730
185477
155666
93903
159236
430574
33657
182388
41936
154153
150099
247530
158567
25566
155767
263768
96125
201278
34201
94314
235988
195398
261552
66238
171545
409449
58652
94617
97462
192523
260282
26582
2471
162644
159697
237693
84017
415885
616516
200981
198778
65625
417692
418726
252143
252126
91819
66408
156493
410866
171107
192980
55831
81459
86928
260587
256222
158722
173977
193511
61751
27318
44670
2309
250654
894
171112
155282
71289
153975
78056
165910
66321
81321
249420
95817
260925
93326
91338
24221
84238
51418
97633
84983
155910
65500
2088
10480
68958
173334
168633
9988
380115
246964
62164
173073
171535
290985
431463
65989
72048
72226
236259
171590
53422
90132
66158
152109
186213
89690
413103
50906
431617
44754
60400
63043
251026
77370
103863
245936
80419
15084
162759
194751
50815
247002
413174
75531
2729
2472
96936
629351
66735
77583
261044
78855
39188
86716
202544
433242
45820
187613
159807
86352
43570
89940
40518
238000
188293
431038
50027
87873
88237
413390
250540
201472
170862
82313
58741
91395
72027
171118
60396
57688
71631
92249
28647
162101
59191
432434
261135
164810
421470
154087
433233
80850
198735
153056
78759
56334
44729
260324
201456
51790
165286
415051
279581
33738
91703
40932
759449
182932
759652
81943
258936
34050
194817
191556
86924
157316
156529
194771
55486
40607
163392
88543
427670
107538
87564
154142
54420
79385
94614
83004
9464
61269
616292
85713
417777
105756
69102
76611
154929
73796
188727
169172
54404
24829
167578
92974
191325
248975
255578
162009
247524
44812
415882
421217
194374
173972
190577
40840
77299
290999
109289
180404
170687
155637
201639
165911
258138
27367
65493
52852
73232
163415
57214
79022
180891
413823
260556
150138
72067
88447
247302
238550
98817
5279
159018
15012
230315
80848
252326
163273
75239
67021
290379
418501
8055
48137
15307
4083
74332
168052
252368
95615
98460
162394
156091
190688
88520
165777
84969
280322
64791
429907
410000
160645
79126
21940
240339
240054
153227
86040
30865
167739
189932
169757
38346
189614
261319
158687
105565
166134
172297
56505
78496
98098
38428
56501
247526
50491
89500
97078
202962
88506
87208
188793
163733
4806
96170
52036
32559
80385
250656
433307
261557
72097
156368
625521
72322
173335
39957
68269
91396
616437
280849
201453
187516
59920
36549
9568
63564
194642
150445
158854
65984
76152
169138
643739
58932
243354
239222
66734
619600
66274
56362
192348
262857
153976
247522
185393
173094
40993
253194
153686
150813
249099
67319
159926
193504
98961
26619
86643
190345
422794
93959
94297
198384
72044
188729
169147
76968
90703
151509
38404
16462
4851
68169
759649
71678
9715
600177
170152
415028
43939
21117
195593
98894
7940
195181
237174
24486
100731
181863
180843
84466
164440
45822
95402
43518
97998
183698
291160
16755
96938
194137
252700
259074
161428
155561
20945
417679
195757
237112
158505
430696
291
253478
76165
616313
193292
192597
166495
290632
25414
33656
14316
130415
80219
158710
185931
173607
161353
261559
156578
61750
80775
414387
200984
90713
162119
165815
202126
246094
257382
39611
15638
73462
69724
51426
281455
198725
258450
645626
280123
249065
265592
69432
65732
36256
93803
150655
108099
259158
429207
75711
159333
423254
414559
236145
92768
52785
257335
2993
97389
11267
291328
73021
69423
88051
634722
73962
33651
169935
10288
72210
419801
250622
415604
154664
646265
78558
260535
41140
412048
240015
417702
63288
54915
21938
24830
258130
87429
619196
52026
72040
187881
8415
93316
161350
154411
161258
63220
1565
69895
73052
236266
163282
252619
237888
432042
67895
195263
98459
2001
239220
198449
433371
91053
16811
51725
172368
159246
67756
291285
169157
110317
97072
24531
62890
203065
57863
409994
107946
238623
71062
153722
40509
9234
194244
153742
96108
74367
91689
86818
105545
263105
4639
87530
200522
249756
91745
169158
33595
248174
152217
256210
76156
84931
259032
81112
53218
40507
23614
76043
95318
185359
174554
68067
83659
70060
252678
87987
158698
78120
31567
417301
59741
430821
280549
80301
257385
252144
658980
160436
150095
87752
50311
66255
245121
172079
98878
421549
64752
54614
91130
182375
25622
41234
156258
172210
194638
422712
60652
156489
65680
82746
48147
76164
195204
67356
263032
79329
251941
5260
165287
418966
4811
261019
30246
169545
67259
247091
291562
155649
93253
21932
180461
239761
68764
11801
58285
159022
188550
429416
76087
36356
37323
55695
416928
41934
83282
10440
67753
159247
189795
258026
245293
80622
161420
67355
31832
172097
203008
164231
72351
150198
5392
250628
607911
105167
420477
23116
51158
40677
50897
192361
189847
172525
85007
181125
94962
27764
81498
259479
236637
5986
82984
96103
97387
11263
80140
109323
84766
247239
31508
184588
238952
168143
34923
421960
253395
21937
75411
616189
193313
166918
71286
75126
248883
248187
238638
188
100861
189597
55473
40472
98163
20091
159313
54063
40584
172437
257770
151528
248806
85820
409849
41772
192631
168161
246741
10251
105170
15310
156384
81487
85351
88533
236975
253193
188356
100728
290324
79331
90484
380483
152252
89844
76867
404695
236005
185907
23347
62312
183819
182424
38441
171959
153720
83459
87991
412494
418500
168139
156985
85612
88952
73790
42963
238489
261762
249093
191125
75499
162174
191526
88644
161349
75376
54068
69808
55515
96456
1944
184974
72373
2179
153761
158058
72096
241407
248189
189800
156533
4040
291288
58750
161877
81364
2109
81921
171110
29357
163435
243404
190668
162405
173330
43040
4206
90465
415715
433244
185294
71301
71987
616261
51571
1368
615560
173606
95301
194375
162403
158055
93490
106361
41024
185929
281757
165368
192355
418692
245640
194764
171591
150094
90466
260472
9043
96561
254166
161323
600174
230347
433311
194377
430975
248114
154526
163936
189922
170293
243838
422795
159806
182373
237361
260474
252130
180059
174270
245641
155228
195849
98889
239721
174091
159024
248277
189921
79869
431391
107850
75325
9174
86813
236267
23241
69045
53332
72194
172080
237410
252699
75395
16927
72579
28479
23846
68339
54916
74915
261715
16826
54855
2449
193951
154756
7220
40512
1619
416812
629148
90648
65503
76554
75631
193304
202089
86170
403025
413824
238752
89932
153347
52288
84462
27948
95900
36448
191559
262858
158685
9021
246968
61270
30860
67992
88329
236331
84884
1278
173503
431393
62193
165804
61151
188423
26036
84451
69663
251140
159237
24507
623991
191523
87328
33928
404376
87420
86510
171171
65801
425681
155184
202656
22386
81217
89945
280399
632069
66854
98022
50903
241814
93627
84930
189647
174617
23929
83003
639951
251849
73743
426098
189075
192858
412258
50621
87233
243411
35637
73687
91692
98952
163428
187921
183116
41312
191304
98547
160945
252327
78815
83945
240669
130416
180890
165409
68268
164285
241114
251389
80098
249972
42057
191328
2156
75208
182423
102606
44907
51620
30530
37308
74997
380356
239772
254472
158837
418689
167622
99051
27329
185372
248179
30863
23811
186534
173049
67102
58751
164142
257991
252423
291636
162165
158228
165394
174574
28508
240012
191527
433241
57690
27401
72561
252791
186215
167704
94870
154412
192360
60191
167952
166651
9525
290978
169413
84587
170768
24499
40070
67441
91286
42168
58939
182919
98783
23522
82911
245650
164403
102354
628472
41311
257797
652897
426404
409698
88554
153755
56254
190497
192504
201012
84519
9007
170150
98289
86354
33994
52528
628903
54018
80382
35119
70055
245496
157333
27772
258692
193432
69076
258123
179
103158
171588
642370
94253
81944
230508
158049
98884
97014
63022
109376
84588
628478
57207
628473
71789
28891
27816
51998
173971
67022
171540
260028
39182
151770
248610
202859
71213
155030
71149
77057
29197
79669
88928
188835
2720
155279
188703
80887
182933
259003
84517
262936
5984
153421
88666
85513
40751
411415
606927
174575
415957
194763
84264
43743
418413
87119
79277
71432
195265
11806
172276
237114
290127
280793
155769
193306
25582
54816
409715
241406
261758
79919
150464
257338
431052
602228
31619
39907
197860
173331
263090
41112
261043
193509
196328
409501
172840
28557
182421
56336
167921
50849
29195
84361
2744
658880
87562
86859
181862
184696
258839
159600
91225
194333
109012
171565
193920
252595
9566
156495
236974
255806
39186
198289
110318
96745
251144
252608
193892
190742
154931
87525
89939
158717
264215
99627
88547
430976
408431
90711
189551
163730
413037
214
241475
83337
158101
152219
184414
63637
252047
67020
173343
760017
43515
40050
76416
61058
21929
249320
21930
169937
75209
64715
243725
67621
245806
417695
23845
44322
92561
194643
159730
67567
245808
188363
55470
153934
51586
182378
4808
241937
93255
80956
243646
65007
75525
414395
32623
158718
197861
173450
236330
93455
189607
87872
161807
171532
157531
166058
81830
82982
250806
433232
243644
164232
32525
168891
29358
95321
51791
156534
78812
9227
237401
190653
258143
171597
260865
238319
27946
239396
421179
190748
165393
158312
429179
102032
291002
244521
174044
160467
95379
163268
193150
262935
409266
152209
78130
162592
195167
241163
2749
71257
425122
151506
241243
300277
69646
158048
21355
56498
158218
616445
427046
29248
290750
428379
79086
52613
201210
5060
40463
28651
85398
83865
10035
429519
291333
78875
91052
98170
248614
6271
259142
290760
82404
182380
257078
88908
54055
180038
105891
253888
31379
165776
55834
60542
164349
96181
82872
40278
5324
40563
88127
168341
913
168007
260589
85620
83658
243642
26845
190693
430681
84971
252370
91959
258718
95273
291281
108973
89386
155227
52153
67993
74017
9237
243413
80250
77103
163731
161356
243922
71629
251850
161388
258118
171191
74706
75394
94597
107845
185358
54510
158702
247786
195856
51404
51208
259346
421555
78312
73253
248579
52542
262679
107808
600286
50627
174191
36254
88469
169728
94757
246517
260311
71337
97553
77591
41351
103975
88143
152283
290283
83001
23439
290809
195241
74624
90672
633212
15308
153728
72069
151948
250195
245294
180277
193502
244040
140546
103910
23101
164006
33983
190535
32550
239558
253485
263035
172367
68301
38058
170784
27843
51893
38140
76653
88542
258631
845
90384
54421
97476
240958
9567
165261
406532
158638
24502
87212
86353
152454
97898
55498
182954
153739
39241
87216
152469
66729
37053
54594
153721
39832
193508
250867
62084
60564
172083
251473
150915
83596
78713
73977
107542
165231
98796
33925
183969
652888
170301
170674
151780
20203
98359
172280
73461
51007
9634
429190
186220
710060
162761
168005
245025
40994
43709
171106
38407
170159
74039
95877
250864
77419
230441
416712
164451
73789
261717
190346
171117
250620
84258
241873
173329
182036
40280
31988
243417
409596
33960
73798
22282
79538
246498
251490
88244
195435
9640
186455
10363
97478
81861
78125
42071
69430
188367
92963
67757
54445
230428
251487
259076
422394
83900
27330
85318
245513
68430
159768
11802
428096
423608
417298
238488
78413
26307
152210
230388
198201
84592
186195
163862
171596
263100
194240
163272
28480
85821
616147
31371
250838
68130
257329
18125
68433
95127
78730
91239
60559
162171
153715
173453
29407
71287
95401
162166
102045
24504
190743
418096
9172
62691
84561
414374
158860
27402
193298
258838
194749
41775
78414
4679
188752
50895
152397
30390
173054
78136
87886
27988
173333
606979
262856
186778
71950
433313
81365
80404
39672
56167
191558
188728
251479
69142
78808
84590
257712
52996
81111
23142
615718
189564
163487
2446
258690
51142
87731
25787
261682
31057
27920
68936
172091
80883
44719
106400
416715
108781
192339
433186
27661
11788
213
83898
171136
253268
94340
89345
98669
625376
28671
79490
39104
250908
421173
156436
32628
96522
77073
72077
81992
169149
26747
83943
421545
186535
250630
64711
76417
410238
91240
69952
291639
258134
169613
77330
174378
33658
77919
97159
157643
252989
93984
55469
203009
202304
24488
165062
614306
180846
28250
90450
67589
163707
153246
183301
196111
100549
15368
39847
78865
194814
170052
181045
150645
68432
63096
194977
51733
415064
95036
642085
245370
158863
262059
77843
188964
182387
34925
161538
419805
93207
30805
93457
53241
97589
76304
14359
50415
9091
247001
99368
200134
73952
202696
165932
237399
172162
241658
154820
80849
249158
259239
431369
66831
189893
411795
261560
246966
76747
66162
74284
258135
33604
184593
192368
40928
50900
163884
201279
2183
75907
79422
109460
421271
261136
23042
1286
66353
241418
50595
51488
249951
430978
202356
45824
237191
161670
415050
406526
153810
186782
431390
76782
280554
255577
5335
424921
616289
161000
96855
184975
87874
238303
425443
51880
153346
600562
33874
82406
71887
243412
258150
167429
66253
98815
39686
427957
174046
78151
11081
95830
9520
162953
73107
57384
23644
154384
100616
68300
249720
94457
32549
9524
1549
59907
24539
51659
88907
71241
102513
171120
251859
432740
161357
94015
8752
94341
188364
161853
92221
66076
237999
79196
605632
102712
158664
78145
187013
74626
75372
16
41208
7789
85139
96191
24901
159425
251826
200307
261223
280548
168420
290989
35494
191542
87236
27682
202942
189797
620063
32567
192369
4849
172303
421376
81869
158431
259861
95563
26847
59958
90651
77586
55517
97681
158160
181569
191524
110309
604887
93491
411325
904
426376
247642
290630
68028
105162
53358
95559
181509
195668
99775
11804
173682
99302
70046
1301
195633
84885
163148
188983
155667
58931
195356
38074
262621
84581
78153
9549
78766
237143
154939
60965
257389
76976
96931
150344
153968
86756
201444
108783
258176
50378
90509
261719
77297
9463
237164
248600
75392
249074
8241
75642
180460
94781
4680
28122
39833
72047
5598
54060
193512
195437
81208
99721
240094
35651
93631
2110
249079
421190
30373
418208
173341
159804
97460
155770
171749
42516
80034
84968
429182
86063
40474
200521
412375
54574
72070
61193
50034
240818
172281
241804
155186
187618
60840
53799
413109
259005
78571
95459
85410
40872
251827
25567
83310
162185
153936
424583
162606
81917
87231
9362
238490
97070
257493
256603
250093
4807
73956
433308
24662
172282
187617
68129
153351
69897
93636
262589
190954
158692
57911
251940
172837
409929
90677
67072
169148
44367
160289
248920
238772
41145
93502
152470
53118
72076
244302
417698
165369
201348
624042
30693
243405
39675
257530
201212
194816
250792
258119
78853
58713
194973
163565
181859
68121
98285
181525
167426
93906
52725
180028
189592
183797
83270
100267
60173
153025
193312
51736
196116
169934
9347
72822
88056
69169
165115
420183
16955
259437
23683
250640
67450
94298
94424
170913
93489
39164
238978
623101
85397
158486
103347
150777
181654
166836
41753
162727
158744
86762
10420
155302
59765
21928
391475
73020
235899
391189
150395
43220
413101
82910
211
39693
289991
196494
76264
84571
77590
29240
152111
236032
99617
193931
411820
230264
60967
422395
88556
163927
164765
172833
54821
194378
81942
201636
290116
71989
80776
2359
24869
110081
419840
316
35165
251828
160061
44516
39533
79112
422798
248547
159017
55558
243923
99455
425958
291116
95622
68251
153400
249425
250836
69666
250655
98897
624184
264729
173731
416910
156438
15862
163355
98493
95234
257397
185713
186863
160160
98027
67349
249911
153223
65062
26042
23771
75211
251844
67098
182385
40350
248578
39470
241159
35271
156963
91960
173729
248623
157646
89347
72206
253586
261718
74382
16006
98360
237577
189044
251852
249104
180459
66105
25576
93908
32560
68473
74622
426543
152656
258136
95430
49720
98814
71285
153749
97337
88319
151880
240007
84756
27818
67024
130021
26255
151768
257728
158220
153731
252633
182771
254201
79927
9254
69791
152784
244041
77298
191557
154351
14236
193915
291287
152260
66065
53424
97120
80148
66161
601475
159281
67099
247234
172841
280049
27767
173328
85615
35268
110033
419806
99996
153402
69191
75909
180027
86292
152460
163939
428908
164444
616385
97013
157317
158639
50211
59764
92536
628955
201638
413696
82420
230331
55474
153231
80141
78861
161643
251476
80229
158697
84586
236268
2767
73657
416913
173979
51738
78124
164287
170295
169866
171544
193501
94951
78849
181315
248887
258148
188704
194467
180816
71995
258156
78491
281082
241154
621324
258754
190000
66868
242039
183749
201013
186989
165232
161692
107576
68168
192356
163486
153342
230330
77582
40330
619232
413104
166597
40413
97403
238118
290908
248255
2012
230274
249105
155771
189911
78184
15336
162130
90667
645054
192181
94872
54368
99533
200256
417691
91823
421891
93112
39212
189848
154730
61216
109701
88055
194432
257384
153971
416909
158232
188297
249064
832
418257
43519
55832
16423
238763
69024
423519
108966
170912
63677
84814
187273
254636
172371
87210
190493
171589
2136
35288
93989
157639
248603
51897
173890
200257
120
60176
78420
260585
237162
55462
163883
15811
72269
9273
164233
189943
98782
237889
6110
71695
759461
151981
86212
636729
257383
86175
236269
20819
237063
158056
92767
182792
612013
85512
1127
94633
85399
6022
190489
23965
88318
13425
94997
71258
23346
73053
249229
51301
420154
80037
290128
1719
427389
85706
190441
422849
5600
85516
33596
69893
75508
95997
86305
230146
188357
252390
237163
50628
86509
418499
78860
65990
71420
237766
153735
20216
195862
50898
96173
380383
612556
153729
69437
160159
202783
281378
413498
258113
192990
105923
196721
73192
248148
89691
418947
167998
239223
53103
153753
50026
183118
20748
89300
25824
41422
50798
43425
422386
247534
410328
65867
9923
245070
433238
50047
60642
162102
76147
29222
77678
96976
97477
59931
52943
55070
417049
55068
89907
280321
159025
6093
33602
39956
94604
88264
82606
71900
35769
93964
29196
157315
32558
710036
72095
14306
78410
83460
410158
66039
253869
290421
99625
185541
78368
628487
110750
50937
2093
245866
71679
241656
98402
39473
171839
248735
88736
95417
230333
410958
253878
61754
191521
54064
414174
607358
71191
65991
20831
5596
31868
99457
97097
165664
163442
33594
189361
158693
44395
63495
22398
258922
89648
186777
413539
260565
237749
192350
240055
57241
100839
290755
25719
67819
47160
164633
191842
77090
153732
98776
258147
102038
244042
188372
100309
80955
30862
39227
28251
248048
60182
290455
96167
5602
174612
427050
40672
57058
260560
196120
97069
251658
97676
54865
184758
202575
202522
22215
73396
15991
416919
159234
90663
68957
14279
63606
370032
75360
607560
84138
190347
56434
69111
260695
415606
78686
40140
9547
249426
67348
185476
15313
153511
186605
52490
162172
163931
170464
99053
87988
191525
254072
93364
50492
201446
156366
84974
429192
23446
433183
230332
97472
161648
156536
80064
5601
169612
33729
91528
108975
5140
2246
74616
239452
158708
4810
404479
238551
72030
172836
195850
257227
237402
68708
102918
165365
1361
280725
257231
84666
415303
67146
173984
72560
181011
246965
79233
56341
195028
43799
97461
106043
237177
2460
72032
96631
194772
78411
230352
98162
40974
69431
80612
75367
74677
40565
190571
98024
20596
193635
107670
238627
24854
9319
50035
98085
68337
65983
417705
182909
65728
100787
73797
88545
74218
249083
228
259438
158611
246575
74991
9587
58150
65368
73234
255718
68068
88315
184976
38345
241423
73648
261926
158229
261966
39183
87237
194640
161575
421629
104888
56815
187692
168693
72905
257395
415950
68265
171111
416713
40740
87114
98618
53793
67505
238639
158707
78116
167425
168919
73981
180030
99964
4669
34924
23854
252635
416923
280119
66476
27368
425845
2448
32509
74908
180492
98183
90181
55069
89110
417686
187916
24800
261686
414381
9238
26476
16491
96171
253549
172278
86355
290129
89301
248546
41004
162007
170163
428778
75673
68318
2180
153717
87790
72690
41269
108001
407876
68125
92391
85211
183607
77396
412047
78134
248561
158689
73722
171168
86925
249110
250837
151514
170151
409832
400786
258921
79263
167738
280390
182772
197874
9076
195852
173342
152458
33728
29509
166546
43240
163413
12102
78556
252426
200447
164547
154145
41005
23850
163881
14374
251825
4237
161352
21939
251136
99306
165309
59555
412508
73346
429966
84320
160088
9694
17073
27006
99604
56321
96765
71095
1360
77561
23851
23115
159044
172209
78017
153352
202558
27203
72372
96185
171546
759651
161572
31375
27921
51391
100851
29115
150242
235901
153240
56326
33899
41189
156015
66262
65058
24152
261687
90650
106482
182898
98286
84572
94017
173730
160062
150090
246408
263062
27539
259353
415714
258115
193371
1530
86307
251484
15749
153809
260026
24532
48208
250401
40948
79997
50489
252596
151444
626749
24536
248882
89964
28080
98911
90715
193818
79671
417299
40139
35272
91876
194748
642091
247235
248550
92216
414557
5488
158669
31985
195399
171537
14387
83953
432114
74056
50297
153464
415883
163387
53330
109389
254308
198586
53240
84461
79917
195439
10172
89346
24533
151512
157628
230147
57694
82745
88054
71283
248803
613597
68934
8177
250246
81811
41141
416914
172365
245072
158226
155226
238112
35273
241828
1625
257174
182934
158224
63715
99563
56342
161346
15439
83324
153245
108406
409993
25724
201875
636075
156585
62395
99340
169232
20721
163976
158065
188047
20233
94994
181262
169863
422524
257409
210
2182
153808
421373
89032
163432
404478
28836
201087
34094
412778
158691
20154
246041
153060
99056
99057
90666
158709
61144
188648
290967
58737
50471
26875
240037
68632
162161
91287
9827
416810
155761
93904
23186
191848
103620
66728
421903
16066
166653
167250
78121
24202
11803
7218
71917
84758
165816
78181
79921
49663
180810
172838
79449
195122
238614
170146
193637
65341
90714
78143
87215
174553
185475
174556
400339
71449
77651
15438
23855
2297
88616
42987
41786
414389
163411
167392
83419
659553
159424
76305
246410
96524
237421
416815
66160
202850
107574
11805
155111
90064
86204
9979
85665
170169
58758
249228
258153
27152
188706
5248
28153
98053
9714
202960
491556
184590
34365
158719
400222
405959
90487
412003
65800
73233
258504
93907
255804
641378
72043
180056
97941
41423
10255
6166
152264
193299
41865
58731
85625
156232
90483
241404
91254
201445
20214
291563
260606
245654
251853
109377
41025
616470
62098
43229
59891
264710
189601
40089
97071
29283
74057
59753
69597
257379
194482
150463
190726
66852
170296
161005
259347
56349
100857
49567
158066
249049
84817
90050
425660
153741
94021
240668
65440
95930
257390
89689
20732
239166
66130
93322
158742
250212
250659
172379
616257
84584
22277
51340
156003
263033
158164
50580
608177
238153
62302
167743
24254
6270
93872
31600
10181
291545
37367
155764
416885
9693
73794
150315
164624
98886
615738
155539
79925
27649
94612
172144
56565
32037
36546
79414
71888
237407
36560
190773
62190
183088
71630
108075
35680
158064
42685
36512
170690
419807
162160
90134
80799
413193
416813
430133
65985
27480
169231
77111
237414
239224
94888
54465
88053
411219
158694
56347
24763
237461
95624
82303
237944
194599
195345
98099
151631
183961
168890
187555
642384
258177
259341
44728
166827
164436
248170
425123
100864
65866
89344
628945
151769
159805
33826
152113
24945
619367
290761
167997
82929
201637
154348
629501
169145
165179
73793
257408
290117
258842
36146
236333
9521
98890
251590
182076
71845
1964
96174
159292
39190
409833
106322
160889
78402
182372
40914
158740
4147
243645
432380
187428
28646
159800
15837
188753
41313
162197
239652
31380
152346
99626
82118
290626
43568
419624
63604
152262
193316
152453
152451
414382
71771
202998
5299
189892
97012
57034
39407
73600
165308
71058
280551
39905
86914
64731
251498
170165
68959
202354
49522
85361
607038
421917
73816
86922
188321
69894
58957
40513
50995
188355
108972
254202
409611
258132
266259
150649
187226
36573
252677
35669
158741
240667
84463
95899
259348
194775
182922
415811
172059
151544
183697
183873
27302
110390
202948
169423
72581
198524
75513
58494
63224
238001
155387
185709
86926
76122
23076
9522
421011
20927
241483
194668
107215
30704
262934
88140
618714
409561
414377
2994
56497
96954
432201
263084
247244
257336
79241
43230
248350
67995
170907
86712
280825
191329
196112
156983
24211
172082
247675
62891
39105
171109
43385
153350
246409
69360
96172
51006
188851
259860
259002
154387
79326
413809
87232
44715
251141
241854
57803
800
75391
103939
421842
245494
173064
108093
165411
402503
90436
63506
72078
158487
94296
24194
23712
154524
238628
241410
418601
253479
13326
67764
261859
190468
245934
15800
94339
161424
162198
238287
174043
79446
93327
82912
246448
79510
158051
421548
241826
412257
154930
25821
189538
63038
262933
80223
58733
157644
250094
35734
194138
432569
181313
159396
151638
160700
44368
33794
90002
433457
39416
75100
63281
160646
183132
29251
198766
92393
203002
67071
188159
24537
427388
163485
93429
73810
77091
93382
237579
162167
23378
98429
75298
74018
4200
290625
245024
281412
100510
24145
194645
262624
99442
168998
76412
189807
94605
420139
95437
195168
39674
616509
41188
109138
262228
192363
54367
92492
196329
80145
48146
80880
80969
246358
33599
290765
98887
76928
21356
158157
415605
187926
262756
189920
238115
61023
74850
248139
78718
290984
652289
94345
195863
58694
187730
105431
60561
158683
35329
621325
59255
20731
252134
24195
182390
93944
162181
9080
241816
24941
291615
30898
27366
98050
164365
15757
831
51694
161006
152450
153973
615454
26789
173975
82609
169154
291634
159732
261174
158703
93985
251145
187927
80149
154480
162779
431822
55489
99081
100532
430571
247303
98797
244298
81372
28559
165169
262045
52487
240025
27775
159766
262846
402173
252369
158506
110166
89934
78816
238304
59881
41271
70064
31250
86356
27237
187616
50624
202904
428519
190573
81497
416680
248182
186555
239774
93393
24867
24686
89977
93113
4208
76279
75625
160096
95128
2843
81325
104380
238747
60394
75908
161854
97937
32054
40566
164441
418690
259349
409796
249076
154320
391133
163308
245069
152237
188398
161358
606363
194243
24205
250623
73982
10113
201470
59744
191522
413035
108763
67709
413339
99758
84662
39895
185542
249073
636733
202549
244305
27836
100550
74504
59391
634618
98881
23713
72484
251851
170156
202946
417677
249096
156500
605
90049
69892
627393
36355
51691
58727
91785
56352
72014
159698
180008
236258
657600
52631
31638
157470
237998
96772
74328
51390
90508
421563
98599
161347
84705
26746
84917
202747
56504
22226
72010
181570
98898
166491
246520
241807
417037
426550
54069
238306
430974
157645
79391
162806
171598
195394
41754
20259
50617
413497
73108
290756
94618
86156
153125
202746
173237
163389
65038
154400
152456
193318
170584
29247
230329
257377
659106
419798
9625
163278
173684
52035
259067
88909
414372
261550
257216
89444
86687
169700
97088
430973
85624
157533
97479
616325
195197
237405
159801
94615
91691
93726
172304
10122
624022
64829
68120
251142
193499
182768
53341
110083
859
73503
151903
110082
610619
67361
61029
50313
51425
27498
156465
416711
189374
162179
163042
257285
243929
407962
98812
627389
41951
151980
258271
77587
60643
81323
429407
78313
261623
172382
171116
72383
246014
23419
83597
50572
240188
238496
44517
241802
183731
74090
189534
426096
50854
83461
150186
162728
173751
154141
40924
189530
19022
182891
260927
63589
158222
83841
59743
181046
6315
43464
423177
56381
249910
425442
98960
80410
84759
250866
56546
195400
73969
251568
155772
197001
182936
55476
98965
96193
161426
172160
180372
245541
185904
61362
61025
188373
90729
410992
160698
417039
33650
89687
109719
159733
190494
27362
180276
24506
201641
251500
77589
55592
52538
193995
280553
172174
73527
418685
51737
236260
180817
10112
74004
98140
158060
65265
158663
60618
420846
281550
172132
40056
251939
238046
167702
172090
43516
249082
62871
261771
189341
78709
81920
108940
53754
108976
27998
150092
24710
44717
16571
249094
71687
253265
153970
280301
154759
81546
262625
414259
248230
290994
247724
2445
150236
191118
186780
153734
81076
171836
163424
153420
108615
31077
190491
63042
98896
192349
50907
78053
246372
84767
258503
67762
71533
73799
66670
5090
52178
160063
180371
26798
39604
248921
171543
85352
155495
93632
173983
73310
86921
413184
56592
259075
241820
86151
165454
85991
88145
153399
66242
50164
162382
172096
423252
413491
247519
428098
55477
41111
63013
63223
54546
65169
190651
98893
91702
71202
36562
75377
90686
108974
416710
90135
75708
157351
289
81083
161856
241813
241871
15472
159645
73567
246631
79988
33276
20234
68956
192594
41326
54811
433370
54814
280048
422797
57409
83457
258939
78834
81496
194332
74383
59762
413493
109419
37369
26849
252367
237417
248885
54321
616323
156492
183089
173752
380114
96746
75370
237968
616422
72956
90057
58818
96165
14388
240038
26577
193859
82409
80846
171830
2996
57512
238749
182554
156310
25825
4681
9798
417681
10197
627457
73409
607558
400465
5595
32689
186447
260182
50306
158063
257122
239580
4537
237927
241003
258139
22096
247331
280879
50590
9022
182908
29443
96856
254069
2750
249318
291104
187614
92913
189550
241000
86817
94998
108766
188936
22009
21941
83728
91783
258124
68252
89303
167580
92973
41039
253319
78851
91171
241491
152212
414388
185587
71532
50416
248563
258125
249635
96773
414396
158634
154350
280400
85755
88422
69637
159605
98781
258117
68144
30756
36561
93856
81919
93392
155230
93905
81373
152114
194739
259070
246013
245154
24962
71282
83946
81946
66725
182069
170882
244146
88553
151732
67106
91337
433247
257052
411240
253267
68982
95996
73808
172164
189889
258691
94635
97782
261943
25349
182923
51343
152459
163438
71953
44762
107543
39908
419664
249103
172793
45815
187879
27364
9077
181470
247787
241659
201347
417634
164442
91465
247525
252695
159691
259049
238631
193921
54810
94839
180029
100517
155562
158062
93725
291635
86168
158537
98871
248805
12962
64774
259139
16511
172076
23778
81113
429191
422533
152038
71959
201448
240166
108873
162169
36425
98287
263099
67994
93258
94999
41803
91379
616423
85621
153386
188788
239227
172843
422547
15242
5632
95626
151559
85568
102089
85209
93727
157640
95129
170162
66129
78281
193310
62191
78555
161154
78144
153905
189888
8749
161859
158219
251390
51612
238746
32625
417426
417300
50163
290124
238977
85356
92577
67740
99547
290982
55518
70063
84465
201277
411476
182391
78566
55509
168595
237676
52537
193500
201450
60399
61021
38136
413699
75965
413105
237176
432906
191990
89941
421959
32718
154352
182379
28345
24546
161645
202016
155540
155443
55479
159294
8116
171870
74003
153462
80218
105475
78710
163421
51895
247975
54061
68960
37305
250624
247047
40564
36600
2411
186196
31376
55482
161644
75627
643067
427047
634631
158196
30903
2456
83852
36151
85443
251561
64795
33653
20805
56412
26848
165408
60175
160886
421488
248613
64708
172163
280760
180058
84646
69490
83267
257220
193634
65730
70045
31637
60644
194753
429725
24206
94390
39415
290812
259623
74627
24193
5298
238636
415887
243726
73564
194974
96416
280122
417101
40674
253877
105208
5297
50379
600486
159865
104935
52939
237324
202768
24951
88139
90176
78817
86277
50620
59387
425441
31369
391089
78018
646586
39955
187517
248185
72065
237519
78827
41397
82721
180026
78052
107671
193893
248184
153244
150976
29393
252427
5599
4534
413127
74621
261558
184330
52267
258111
62394
201785
250763
66939
27035
417704
78138
290987
73656
87477
93321
202769
194803
262847
202353
230552
159288
412779
52548
189617
641377
20834
24156
169544
259170
79980
68127
89445
174174
156776
33600
65626
50626
419626
45819
417038
172642
54387
93938
290120
60538
244011
92910
409272
174614
50591
191841
88544
253318
9213
430575
72034
97944
88904
169752
157313
15863
184595
81412
85402
628485
168116
249095
759451
66102
40871
166492
250275
198761
40466
155908
188369
11807
80825
258120
85614
261607
71628
96194
237282
154716
251657
39240
80338
257156
154154
198788
85514
174031
153969
82930
156494
168358
200973
11269
171119
86166
71954
100290
173982
156616
160319
200634
167159
92501
158195
51910
152465
150476
429404
201475
95697
167405
97141
75270
2133
172309
42535
238615
55950
43039
66724
54867
153072
50754
23852
434079
70028
150775
163944
245653
167401
188754
163270
188833
80144
66352
280946
9863
238635
50983
88555
250658
95315
161003
68709
161862
161389
248549
102353
422804
409865
180032
75213
165774
258137
431008
77075
257181
193300
78057
280547
88267
60514
153333
158706
93475
646670
172277
81110
201346
251028
291313
31377
247798
198584
65502
80672
60397
55714
154729
261134
80197
196115
41290
109431
181824
66478
258140
280418
56329
107585
109266
248234
201457
60537
418687
188322
237408
26228
189928
166500
75993
80220
152253
290125
91439
250835
52615
158856
247523
239781
51911
99628
75678
39626
25565
21933
68633
430751
90199
29224
73231
80582
161027
80063
170568
200270
80871
71474
249068
90437
429512
96975
416925
241161
89299
81526
22274
193670
166710
424717
163885
190572
64763
86761
426125
253063
194513
96937
78129
238640
195165
78559
77636
411327
257173
182426
22031
37405
78060
13023
153718
41191
201745
107533
248628
411481
50839
83581
83951
150114
230351
23714
49759
9092
201061
28110
172307
257165
4682
165933
152796
412561
257214
241155
253266
62616
156096
77356
153423
69891
72305
249999
426097
165061
158102
31175
290757
180988
48179
428738
40476
30695
428095
25583
427562
23708
251492
40606
78394
247301
246740
38811
243406
259161
60174
40029
257049
429686
254058
39187
98963
631709
33502
86713
161028
89935
238976
168855
158018
50473
65060
203102
182389
28482
97621
419796
241809
95916
197338
79201
5610
93901
169432
163281
109271
422884
243415
424496
24943
75094
414179
190986
247328
23770
414373
248605
183701
247520
40680
83954
249100
69017
290281
200131
26410
290122
239368
38406
91829
192909
60620
78141
183871
104196
409856
154388
9560
237925
88906
196893
262058
263103
180841
16533
230349
192957
163276
158057
60152
413499
40965
253320
150240
419479
1529
81812
155185
161764
20169
238339
66475
39184
72112
193295
159715
150973
41425
189166
86169
55649
83407
43421
85179
290627
250797
169156
616354
182035
162186
2206
14242
75398
76269
291314
182770
35537
98954
55589
249048
168383
100570
69436
193912
190434
90665
24468
31137
80096
183699
89985
153225
93319
200144
1302
170161
249085
95956
153723
291637
188794
156986
252071
69162
68428
291301
84134
429208
74625
81359
50570
69718
237001
402372
4162
248572
418091
75677
29542
93317
155181
428378
28838
257713
251848
33981
8195
412043
81499
156497
431382
49772
169810
60926
73771
88958
245000
87211
37254
290993
71884
91471
62872
155386
166496
75095
642250
75624
93586
79524
409511
28054
17036
607555
69625
50938
164439
73403
88327
160599
195245
159205
167378
86816
196286
427051
81483
15172
24242
257218
158230
21107
68998
413111
74333
97939
605385
77585
109709
415812
172791
189543
230327
34203
65993
106997
51132
66669
158715
253673
185539
94892
1879
80226
55694
167996
241845
195164
1001
257376
238338
75316
40409
292097
23847
230507
151639
631685
257219
94520
236973
186819
153070
153759
80518
56133
85518
246011
67820
248884
169153
428744
173048
87522
236262
759650
412495
58696
182384
104393
413502
259957
153071
248049
50048
263521
49649
41937
39952
43724
40465
155559
51409
259069
41144
9177
153974
170263
195760
195395
1126
236349
250840
230344
96639
422387
28562
76593
80588
23204
202784
258146
419226
166711
188725
41997
98026
191846
79087
411075
59581
184331
180033
291325
417678
165114
57714
93986
417676
36473
257161
96012
51135
9633
189967
155321
250843
94636
96521
260856
161772
67433
62667
290126
60014
418545
84582
415603
252166
94954
76038
188624
33505
44707
631441
50292
194738
159293
159014
52033
236976
153685
155766
86773
164366
56782
24441
39189
89942
100618
25718
154915
56338
67320
78139
75912
193031
257990
416619
260859
154189
32038
628471
40328
174203
83458
189635
421716
171115
201216
186779
156017
433594
84887
183965
90175
259948
54775
194092
245174
260947
162688
248559
260858
79388
78389
164005
259622
193914
109703
240021
90467
80420
40510
173347
152348
252325
241001
248601
2185
193560
248173
244567
249080
164404
74999
92902
640953
5333
172084
194515
433336
650059
77100
54917
94603
51497
190492
166924
411025
75101
84131
92220
244143
84932
413102
87111
239627
616177
90721
192816
158686
17056
65059
161537
180373
37309
68714
171599
416922
75356
40676
73792
11259
74311
193638
60539
56331
61753
241811
9888
156466
200817
162406
58742
160600
154934
83389
173131
84813
166654
73647
239151
152786
72039
75299
62342
161647
66100
164081
153716
26046
80102
202945
55525
248733
77271
195861
246217
659405
57052
241870
71322
37307
196284
88142
107636
158215
251474
93844
36298
248553
43691
84136
106380
94891
86929
73817
258109
75011
246402
72772
40279
247411
155763
8750
174444
156367
291632
71861
261867
37407
54314
44731
41426
43689
92986
85358
84754
174045
194431
181754
160657
167427
163388
87612
237343
90056
88546
180838
85986
72148
416921
429181
32626
431358
39673
202323
60013
97938
94631
164481
41050
160966
164230
83939
88141
55657
93434
89464
423255
75361
616511
157750
163437
162000
407752
23363
40933
40299
84452
97386
250619
615220
91293
80970
158699
90173
160150
31897
24567
181864
85607
158679
78408
170290
88649
188370
32002
193994
150098
152795
247640
257233
100530
106646
16640
89906
158677
27858
169165
104100
60207
25584
169756
92099
190001
35555
252391
169753
164667
180363
414379
61701
99458
77102
160865
415809
608469
280104
91380
429726
422549
99722
152563
51682
160888
90716
9270
193645
290992
419803
156593
39438
91169
413224
30221
28676
51665
172839
161425
89980
100518
78404
85702
84460
80845
237558
94873
55472
183789
27129
32624
57035
417685
33685
151507
150207
68426
41268
249721
16428
169146
623975
97336
193296
415342
97970
75374
94760
23144
201443
251942
55590
94616
414375
412046
258149
152467
201369
192989
39179
66736
62874
72775
23529
244301
87115
62113
74628
98366
158705
68611
97143
79400
415813
192362
238624
48005
3056
430604
188796
243863
261764
261766
42675
155390
153419
153727
42702
15734
257221
22279
150238
60562
151522
54243
155823
152655
94023
80337
68327
171533
238745
158067
200507
36638
88445
90174
83950
152717
69725
10180
197221
163279
245849
201642
109704
43235
414385
159290
417693
432904
174613
23447
173346
32675
24549
33646
52575
241800
9980
264523
87948
80221
42012
66411
430187
57660
173068
108888
38044
246043
33897
151515
94518
11261
262715
14122
239711
258112
88728
75369
261965
50684
35267
164449
54605
290763
160151
107605
237966
290121
85622
40992
172655
161359
411800
39467
612194
14368
98891
251488
187612
432040
64773
185583
257182
59614
41816
86308
85354
86913
63570
105374
202905
5611
27877
237400
36559
66128
91103
409848
202548
261222
62980
409853
237947
166991
421178
171541
77109
194430
73277
104861
40562
151519
59272
154686
182068
98953
68119
94610
412639
89607
54464
238114
194433
59378
85411
95913
55467
110314
55663
81216
170657
35544
202328
86814
50502
150314
79473
65994
30866
52633
154757
158158
170776
189364
78391
237142
183663
180370
194600
32591
94022
158194
413107
159423
404375
240748
61697
170322
87234
162100
66731
8755
78814
50161
54777
616260
31601
51093
54725
4067
241661
77584
65779
24485
159235
169547
240014
95403
202127
202348
161343
290123
424636
67971
31093
48008
66119
426370
93945
74614
251137
23223
248894
170656
41394
90322
36572
203046
153933
255576
24210
162959
2243
80247
161423
42760
38229
160164
22381
71633
37052
290988
53792
187912
230101
180193
245275
75645
186214
166920
152767
83944
62040
85663
250724
182376
110020
86757
56300
19047
162170
25
96169
80248
151545
83338
35166
197819
41998
78122
71831
152216
92794
74856
171353
162177
84811
40475
51461
99478
290327
93254
94634
152251
201856
30748
36135
250795
68263
240046
606170
90324
80097
249078
75409
75675
413983
193562
235903
194335
100569
85699
51598
50802
95413
412044
250911
67351
237751
191122
155665
104862
24186
260855
262788
161386
658160
43718
184592
31118
290810
150184
200133
83481
160655
629106
168137
167741
415888
249087
231009
99290
404779
250539
96939
95496
77640
257217
39162
89948
248608
26994
193294
258145
248482
247797
35270
416321
246355
86909
189927
50899
90720
98882
190808
74759
170303
80225
94993
27204
240816
259624
411554
76415
249075
31078
240245
281081
237929
78072
66243
8754
432199
72823
72028
26797
159426
90718
169936
98475
154932
89302
56365
87611
260864
159802
255579
88910
250575
50290
419492
99443
36082
237887
15577
98795
238633
35136
6058
620301
73055
68082
162778
251143
91676
25823
154386
156490
65494
238748
154146
56324
67758
5603
411803
39614
150922
200460
153937
75103
55620
424900
5321
608269
257709
189969
169141
166712
248629
161578
26942
50025
290991
93983
73603
418207
202947
202086
174573
427985
237910
172145
257375
428541
59200
100202
181653
180576
187272
69299
260473
189919
172831
27128
259035
66200
261683
230345
26195
173787
84225
34046
1920
98895
417696
409647
425657
107528
90177
169150
170302
600563
238621
249723
7788
600289
39231
39161
21931
30237
56802
250486
291335
235896
265179
74855
152249
194376
154086
190576
251692
241487
24940
167905
80283
77704
173340
39515
265063
153754
58024
247241
41398
172300
71146
237290
401210
50295
84082
164431
68937
410144
28249
102273
88669
237404
90372
5607
251146
167579
237424
60565
29249
60416
53490
65627
152215
27815
22392
107708
62110
24828
259167
182079
60179
162781
159796
91784
237750
152468
67127
23332
241488
167742
107551
158704
196132
74660
290132
417694
38153
10179
195237
52868
66244
60541
93886
58707
168734
41143
34052
165771
84464
55562
169140
100856
185540
281413
235987
196285
54878
50852
30272
260397
87528
48127
23145
97904
169862
261221
74790
27306
155762
432680
202017
86923
159630
197859
248014
156594
56548
56991
189923
32740
427597
95313
183700
248000
67357
66726
237926
164955
9639
194379
166596
97077
39234
416916
75626
90318
198624
170299
192352
76969
90040
174642
290751
413594
71422
81918
88266
88929
65968
87209
67880
4337
151747
261586
71212
250538
91803
75091
191327
96140
79926
13020
20645
195064
189343
104616
92770
65061
155303
413700
24538
24303
61024
71168
155909
239826
423442
606424
155019
169482
247532
158566
60180
75010
44757
151501
71949
193154
24542
75676
65987
28732
5165
91822
195807
170304
66853
51427
431957
67331
39228
76168
2108
158700
290624
416886
56555
163443
90055
180031
50472
185371
16980
63562
73923
426588
156595
194514
85040
409578
415889
92390
637667
162397
291561
31636
195243
172130
80674
412493
171682
430576
160699
413108
6017
41395
411975
247412
257396
54065
166585
9145
24946
420509
2582
75410
68472
86760
75135
37301
152455
72955
88072
63341
433086
40508
78149
96933
157397
616416
42962
97459
9394
193993
415518
153259
77384
171113
55471
237246
63225
1546
91530
87875
202944
201451
94071
90448
188622
51909
151511
197434
189652
28558
99723
84812
14395
154778
249634
67970
30816
193950
59584
411204
95322
159728
155773
69723
154076
262860
8399
10362
48140
88128
26759
44523
71214
195450
81654
237748
75710
30381
68284
290133
31090
99479
67653
202351
417701
161146
166133
75326
98023
261820
27717
163280
240092
248555
71323
65628
237495
41059
8406
56350
68266
172369
248554
100552
66937
150097
78412
75643
59926
413495
99129
16922
63658
71564
162173
98883
170147
202655
169751
38232
246357
109702
237930
240920
290758
100863
71438
94599
9864
75980
150137
161127
251491
78809
258154
255849
97533
98975
169842
414371
628479
247049
99965
421279
659824
156092
166892
7221
261644
239769
262426
8040
241827
290628
9173
156439
158857
65037
192183
193510
40477
616281
249976
23769
23438
58708
49521
87871
72038
62698
11144
99181
415886
417688
53322
171889
77714
74605
183351
59750
195166
65367
249066
84201
89352
33601
248678
259340
74992
87850
99620
439
759458
97997
162732
238762
169755
94759
248178
90439
36050
251025
153501
639148
188730
249086
93325
151518
241799
83326
37304
418686
196228
33898
612316
247800
84677
40608
191323
96568
250844
605805
193506
238492
23804
195500
74959
170675
412042
180034
72074
70024
50911
622460
186954
173750
71860
195847
153743
202965
159803
54815
10009
60177
174551
35755
98818
81941
87785
43619
171121
50901
248177
253023
24545
72005
190117
260584
759444
154936
66131
69101
167446
40298
161861
237420
189794
417969
173066
196113
71632
261704
163880
29241
51690
59766
78128
58680
28503
100268
153909
190496
280108
92219
66063
161864
235756
66647
187615
75911
411483
193505
183635
94252
196117
89608
55664
248548
79390
160890
79328
53335
251475
159312
240858
189555
73601
252620
156468
43883
169160
192991
86357
409854
241492
195124
50503
189638
99456
39558
9462
30351
152259
201753
70026
93320
50288
252697
41003
106781
26846
167400
193507
39014
193307
248278
230348
163418
262446
99630
260854
251139
56348
605381
165772
44498
55632
78140
24326
261759
166287
153740
163797
258116
164907
54071
257525
100393
189559
160953
245173
411023
41142
164437
165163
94779
248236
425444
428540
93363
432206
193303
600287
291280
635099
159019
288
78150
202744
152452
156376
62223
161852
83269
600266
94632
244077
186783
195344
168342
240404
5305
15458
77072
161857
183231
198587
433187
427561
237178
9934
491557
28030
238544
167141
90723
39408
628475
98097
252632
107599
51785
110042
5606
188653
22280
153422
109793
107145
89461
97921
247727
23440
194976
68715
88343
74320
197717
53406
25413
426759
246012
158674
202346
71891
96189
23285
159731
426308
27150
88355
237616
257164
27990
85349
181861
171108
261137
244304
248599
35093
75709
619629
66732
75093
194667
87476
162162
172078
153746
198525
26270
422691
71437
187920
155183
161808
194639
257339
75096
80147
93256
27370
83842
194767
603926
957
249722
192596
98798
75579
94611
95917
246311
110315
167993
192857
431053
248562
44749
186781
92795
82873
162175
168634
52113
243848
39163
188791
172792
195845
260857
50493
71802
415767
78390
93943
75628
75205
69889
151498
84929
40931
261765
89348
80521
416929
90681
195519
79691
402891
78415
80388
62225
429406
96744
238941
73659
65549
54918
280124
29047
2728
37078
152213
69339
90297
55485
249850
166642
91086
81206
49554
92218
53802
50848
109342
237175
9637
173352
155018
237752
89905
90446
105510
67765
171498
158635
241416
150239
85140
83851
102358
28111
194765
81109
84755
62393
428512
245649
192338
172830
249091
628476
153026
53804
185245
260866
417251
180463
161860
94573
230326
90717
198288
201454
402784
87887
192807
163417
157534
42917
52623
261551
161018
86432
50796
230263
71190
86158
67097
96192
261716
96872
35204
243414
171241
68635
83866
43990
195794
69665
20400
32690
67023
166567
238629
614461
154393
237494
174644
237965
89933
183730
56472
240859
194737
198780
244746
11797
253421
82940
159016
87431
172305
260853
77599
68363
84883
290811
9695
78182
75366
26467
84815
155322
82306
24541
24373
419841
38405
150171
165667
1023
615825
161987
193151
85412
153243
250845
194664
170624
56353
432333
110312
33637
84667
69163
59195
72073
258057
60178
154161
187995
416920
252131
95316
29355
248565
237113
65672
62196
158870
248552
183750
164435
413340
239221
250865
96059
90678
34807
15633
200506
195247
79929
241657
4146
94963
22032
39691
153750
50910
91874
99759
188798
68763
173345
432202
158198
73791
11550
195239
170949
252322
61027
13022
65507
188469
85522
83593
419137
92217
152255
50619
75264
416357
54062
290762
57964
253879
248621
409758
409852
55442
8134
79998
174322
26914
61465
422259
91574
609762
24498
75207
413988
86815
249419
241872
185905
50226
150458
65618
237413
82109
69896
241489
55630
94392
93743
80021
99164
42671
40046
82407
237692
56710
152246
64714
190348
94762
422341
183841
153255
257162
86758
6073
75644
27305
59959
190495
259071
192358
63473
158711
80339
28260
169142
186218
87230
189585
53656
158684
86511
9442
251562
27993
72033
162937
94613
10160
419227
251843
68647
167428
249129
20351
9936
68766
40929
100531
33876
6287
26787
41895
192503
1362
159809
248604
24868
81107
90668
79412
14354
78019
170911
61022
43667
245540
51206
249330
163277
96974
257392
61192
74907
400093
26344
189968
40482
87870
26468
250863
243862
190747
97940
195396
165779
40766
34845
238196
36523
172618
102010
639950
71951
258855
39521
70027
37409
252186
21114
426095
27238
73930
418699
100860
67095
260027
158962
16569
290458
614675
93899
152257
152218
259342
154726
40582
237418
170906
15393
64652
67215
94780
65057
241337
27741
290749
72563
430695
51666
79396
162731
4194
23458
87529
416808
421277
83378
45817
187917
81609
432208
188368
407958
237297
154349
182920
196925
180036
23100
98810
255459
151500
291126
31113
108977
290377
185243
432205
