88555
189912
55470
195265
261220
413127
432041
24200
616491
153742
156366
2218
80825
181655
257122
290421
75994
158053
7220
188361
54864
109107
253321
71831
82409
50909
100290
30805
240188
423252
159768
250252
172098
35268
79669
161028
159920
71288
51342
43518
68733
72206
86920
238617
63095
93626
110083
246518
44045
80247
290376
68082
82610
169935
238952
290327
24547
91226
100614
24489
616468
165804
30246
55525
247522
89500
261685
173329
174555
151922
75625
290602
79869
56547
90319
72209
642400
80282
159312
83968
78666
431369
245653
5590
290988
167738
56964
183089
35555
94339
78582
71337
160061
163397
67622
78181
150186
63673
170153
93973
157646
41059
78390
433239
153060
79691
201210
246575
159425
56556
93364
181470
52033
255459
190535
41186
28899
262999
417299
157644
15757
258631
57658
427670
58758
612191
257385
67989
172093
188620
186726
26309
80382
55070
240037
17038
60540
74525
66040
96189
169138
249084
188639
85624
426096
159426
167264
40298
75393
157314
237674
108977
75099
258124
248890
261719
26268
78864
41786
162644
173331
82303
2133
411276
58494
427140
74790
106251
99302
2136
86040
60539
75299
84581
10197
54064
280304
63099
75629
291000
246887
51208
190652
173327
248278
20927
249950
257330
13023
75367
155558
34046
40089
85352
263105
23076
605805
14090
9863
71832
260589
90446
105374
152466
71533
24940
51404
41936
172284
92042
165063
153972
60396
102273
77588
26945
421563
170628
151559
246662
194759
28466
81322
110080
428512
186819
54916
202304
618714
41426
94342
158703
66063
413824
63098
250653
68958
238761
80848
33872
609471
182772
255806
39104
153730
431822
93320
63506
9988
26813
254069
5987
168891
180492
152717
186213
93742
189530
83475
241410
9566
181469
68627
182789
66475
72383
174046
241414
66124
413697
290280
42980
250842
75513
183087
194763
159733
185709
99617
185368
50852
153208
160657
69076
75377
73056
84582
260027
172305
161643
90679
172210
262856
202696
93985
187916
162396
172298
2088
158662
183635
98783
237424
74676
75644
66274
153099
170302
239222
8752
759652
237929
88461
163428
87232
94341
265180
161422
20351
153736
79422
97904
189360
69435
65059
180458
248945
280550
616187
51427
56347
51497
55442
29223
191842
246356
416714
167993
414386
170289
2996
248606
40475
193317
162761
54865
191284
182380
259947
64829
100622
400339
94611
193503
71685
92387
78851
251846
15457
237694
84969
637680
84451
79387
161343
187882
9586
14000
259348
158673
54161
427388
93429
241491
195745
78132
161002
56497
35272
23845
152450
154320
41937
87752
41327
160161
98883
81485
130010
188550
189638
28110
73601
92562
169937
156230
634722
190347
2582
241871
69588
87786
238319
90325
30695
49551
51390
238304
1719
97180
248808
93628
69664
9172
252633
426404
78148
250866
96631
71285
182371
60399
173343
24533
86307
182381
79325
23708
183961
79922
23458
241870
91224
241404
188940
91690
69432
244011
2448
236007
43040
182069
263106
97478
412779
181861
97552
422547
251474
31868
26845
161386
202810
280548
191119
400465
50033
4200
418967
174613
86913
241158
422264
35544
66861
158102
10480
42071
38892
110750
191118
9076
90686
248255
85397
153224
87767
188795
56362
172147
34807
61070
65867
257161
34678
426373
88981
29357
173730
38058
50163
167425
182382
58694
10112
201246
81737
253869
245792
187226
26255
29235
62195
163801
235987
67753
417702
72045
59655
158180
247001
21884
236256
1944
82404
9026
415567
238306
155181
9980
80320
85411
192590
33928
182425
78877
40608
27128
165261
414163
171594
65732
258504
258129
167579
259351
8134
158711
432113
415886
251499
167919
243404
600562
57384
40518
1924
173352
165813
173975
73791
251384
169423
195395
44498
259003
88910
36309
86352
408431
49648
186216
413105
415602
162000
61216
26759
202339
107216
416813
416809
415957
151561
84968
58633
82940
186453
161764
64795
290127
600177
174444
83943
151467
158723
14242
96944
50415
194377
291284
90883
259344
96012
257217
61058
62225
244302
406613
202947
40056
259352
44509
39473
88140
425442
81945
94892
405958
152252
74629
77087
104070
193918
252369
251023
75394
248170
82306
248234
20596
91241
68267
94253
250657
55468
170656
108888
38428
192364
190493
60562
90666
240021
230043
27362
172655
77330
81546
153761
290978
249071
68426
183231
39828
80776
433248
90713
35204
248183
40466
159798
238632
159237
94021
190491
68263
39831
238755
78665
163419
32053
404479
85351
189892
160060
54247
201363
30851
73981
201641
83900
185904
88552
183810
95625
167997
92099
39105
15336
428060
83336
421903
91437
261771
407876
433086
409853
201637
37053
172840
252131
103347
427048
180374
170290
252424
75397
59761
246255
78890
84973
433186
429967
95626
244241
33650
241408
28153
98811
32624
69725
33588
67709
261953
248277
99455
193645
96853
187413
74523
1023
35455
99630
50907
193920
30861
161807
107551
198525
163440
35651
36638
97080
91827
635099
188802
33656
195668
35734
78114
188796
31375
67025
36448
251855
24544
7940
188398
66528
185542
71062
628897
51301
67146
88915
93987
182792
187731
428095
151500
259162
249425
152211
24326
95930
171832
158676
201012
1051
163799
195345
181511
157431
152451
84815
80970
56167
409539
413825
163417
155179
259346
84082
56321
245069
187913
63281
41014
66723
81483
31723
186195
261758
182433
628842
71686
411239
151444
231009
380356
168360
230103
68251
189890
27238
80226
251828
15246
281378
200870
71258
260397
97143
419626
182378
53292
628471
68130
48147
57875
83277
27250
55630
71805
87114
257329
188751
50726
70024
106238
78686
86277
421891
251851
85443
249974
67216
181571
245641
193511
192597
189564
152877
62193
90199
79785
238488
170035
103620
97479
159691
202946
187617
432906
80142
75671
86634
194771
62668
155335
191325
31508
200460
50273
80340
22392
280400
77589
195169
50596
9394
162177
84917
249807
71212
252989
90318
280049
87110
162159
60174
253319
62890
41006
97781
636995
39241
56352
244305
67071
95623
84885
98097
170862
201472
94871
50297
197001
79331
190492
241330
62618
258718
194736
167994
34048
18111
156593
52538
237409
67567
43420
87328
152470
4118
41425
70029
252367
71987
105432
69075
189572
90722
159294
615738
236758
82873
241827
44523
79158
173976
153725
191990
245174
172083
190225
9234
230262
40656
162575
58207
174187
155649
78151
25622
23684
65038
248182
187924
193151
58740
64974
156409
2997
58899
183633
153344
182384
183750
153510
66243
66736
429512
165408
67404
98672
261559
40929
75100
163395
90055
83378
86815
153223
414378
34924
159801
27775
158213
167702
36002
428378
260472
168358
28123
241409
186778
41397
239166
4147
172830
15633
246519
153464
11788
2184
110390
65625
164907
239452
58651
81869
265179
151970
55662
413036
20211
55464
280118
26942
195399
156015
628494
182426
238636
153975
412043
43235
238639
161406
154411
43689
420476
78554
170768
31085
60514
93430
24486
429191
186779
413492
153174
410866
75270
45815
170626
258156
105510
200657
259342
192355
100619
150446
171109
153716
84929
193314
186214
22032
257220
69646
180987
189652
87109
100510
158687
96060
240903
280554
172370
606237
260311
198289
96938
4806
158666
622453
60537
87212
108615
421842
410238
182079
88142
197703
63239
25566
188364
257529
427985
415050
153348
247786
24021
49760
170154
415997
74772
96936
249092
60182
93886
4206
188726
202944
252697
184972
167428
159424
71168
23849
2245
237693
259139
238046
90663
14122
88446
247047
424716
32740
254472
50289
154716
253843
79324
428379
280126
92492
428097
241487
427042
173731
84361
261044
58742
77356
251487
235897
56354
58275
280003
251488
62479
97681
83728
50580
72061
241806
28649
32689
81076
193306
81941
52043
4681
73722
192350
91689
41803
33595
415489
93989
257218
252428
159760
158679
153404
9079
81830
67761
11267
66262
33589
260999
81482
250835
759444
36343
248148
95296
248882
96945
106950
636075
154729
55474
4083
9520
87995
243405
193319
164543
69897
31390
600285
66552
415884
67095
90179
262554
93630
34331
152797
159431
5324
180406
163280
94964
167156
239223
246729
160648
188372
80520
81213
158019
29241
108974
73808
259068
237414
78182
252166
262229
155772
258109
280106
170162
424582
174092
254201
87785
87527
72067
91785
151981
82981
151514
171118
431382
65838
94615
105162
34100
9178
171541
90093
184594
86432
10362
247839
260212
236008
78863
251940
20008
73659
760017
55033
159198
248548
76524
33649
202352
248629
243410
65992
156985
167071
57069
27767
30864
174044
78572
98774
174087
85773
73809
659553
421276
9023
163271
72716
84587
54420
247521
957
9694
421545
88127
54055
76440
59881
89351
158158
171833
243417
164762
36547
252422
257384
188297
417300
63715
430974
163421
262045
9695
107574
80145
193499
429397
170227
159396
252137
68955
193893
43572
162170
38418
180988
99346
85210
4231
95479
29540
78126
90177
22055
189889
98286
52613
202756
173450
78875
5070
62191
50226
96933
433336
15310
81501
94993
238305
194925
50617
55592
290377
55663
183748
250837
192990
151445
628475
416679
248599
249951
51488
290757
168005
154727
845
88469
196112
74625
35694
202467
414392
63013
66065
55872
62192
169752
180371
240404
244299
28133
24543
230352
160173
78152
158705
154388
237141
260606
195028
78413
166710
246357
108781
180837
418207
165778
77081
150476
261022
407962
411481
63038
262680
165816
165365
31381
261688
78021
248678
98808
600563
89461
418689
251476
43041
258155
413251
416710
625521
250798
162173
257214
51613
82607
245540
192501
97514
95877
60966
165179
67050
41776
74606
6110
54915
39331
259002
24901
162197
98026
37367
151506
251561
241425
158066
192857
94873
194976
98807
69894
280121
28111
201443
26307
419631
409578
167999
72034
24393
658160
57243
89980
65500
68327
189927
249160
50495
151749
155908
166133
77072
52431
5297
68935
255849
41351
290129
201450
261686
237945
150092
162782
194643
81113
246093
243848
78119
409993
150241
195243
81868
44970
78140
20834
248139
9319
29224
413391
84816
183881
9355
99479
100857
103395
243822
262858
60894
81112
291003
171838
290324
407958
69045
50873
166989
252426
185905
152219
183701
26588
108193
35267
66100
71953
163277
415568
152251
88793
418699
262860
92794
409850
172791
188356
410958
628945
74910
182768
6166
155763
169699
55632
75965
40412
193912
97337
6100
36574
245294
65728
241824
93986
162401
171532
158640
153422
607808
39604
418095
16755
165931
165911
62719
56565
409596
168341
59290
261643
258135
169610
612316
246498
74656
650059
68291
412561
189929
22033
156464
41025
250795
14396
59891
6093
249068
80588
258840
259623
427596
239653
172302
240038
110748
239361
252597
2860
429727
91396
9569
29197
87236
159807
43939
75499
230441
83270
166566
200476
63222
247243
88520
11550
9529
169725
261945
89442
230247
45823
246358
28650
151980
169426
230329
88545
290120
83347
180037
181377
4808
81323
33981
154757
79396
184754
9979
5986
94457
27717
246781
608458
36559
100860
51441
182767
24468
56434
243642
615560
237413
73604
153225
54811
24541
23855
44692
427562
98099
244041
57512
11804
290983
169150
263033
34329
45821
100862
155186
188851
93898
28252
27843
90180
240013
419228
162645
168052
97938
30263
658980
58311
29542
619636
7218
190346
248805
257335
432040
91053
88319
40675
85606
94605
97780
155388
36546
24303
425694
261133
103090
164435
413037
237944
171537
46007
195355
190744
152397
252368
241938
5596
200129
200447
428059
168856
41144
170581
163282
27187
181045
80036
245936
259073
195122
86276
65731
237962
72065
603924
193638
413700
109431
11254
153744
97743
56499
259018
120
257396
174043
87111
70045
257528
158196
38153
9188
612013
433185
89939
171544
158860
66734
194734
163486
152212
154141
97015
27367
63670
82347
2445
59920
95314
69952
255577
261606
172437
51396
54068
153403
83866
237411
173979
261704
40070
163306
159650
80143
241131
238628
201454
24333
194244
93899
58707
264729
52178
158856
71994
24203
416927
416713
68264
164005
237163
65487
55664
59584
290126
30862
164444
71890
62165
168361
202850
236259
800
172618
48140
63288
162929
80879
163438
247525
85663
87477
57212
246397
168161
260565
93319
82745
430979
91874
60415
37254
77704
60559
189888
65626
33561
188159
238614
72040
195854
251141
155323
96568
170304
170148
415604
187926
95320
9254
50627
35573
86643
55481
27525
78415
158708
37302
184591
65340
247408
261683
63223
80670
72818
414371
36522
251856
55694
105891
158713
7941
417683
156376
159697
422386
250628
80955
73231
27369
65141
40974
76264
2297
186780
153333
53128
160319
79510
237494
73956
65058
174554
417298
63157
63657
421470
156002
431052
196284
77073
153936
68956
150237
300224
202126
200256
75396
28508
75101
10035
290967
22221
11799
84450
98895
237408
262936
67820
192503
258126
260310
250620
96931
73346
185923
65341
248552
420183
86166
55657
53490
160063
415885
42057
40029
183768
39685
91957
53802
155321
24254
167009
152111
616327
89032
615220
262679
153386
75374
247797
97618
40947
160468
154153
80846
202548
257409
44863
409698
249949
9043
75531
188707
161005
230340
9806
154316
161388
78056
81940
58708
200131
164441
4811
50624
186272
44322
237143
186447
429519
56437
40567
186456
65508
27818
159802
51461
93938
87987
70060
290759
413110
161345
197373
422385
191125
183116
605665
628485
97159
88138
413035
153228
95622
409511
62342
20259
160097
159767
152794
40482
67970
20233
4810
151769
75399
155769
237399
78560
421271
416912
193303
27988
182376
417692
427051
158101
257164
429966
280320
79446
164006
248185
89447
66103
249420
72112
152620
81111
158670
88929
59769
6017
198761
182066
237963
85361
27680
76554
173347
260282
44932
71956
72014
201638
10172
260182
39672
291639
65057
185354
167995
98961
243416
241803
192593
86212
84817
163387
155111
200532
164634
201796
239766
258503
251658
652888
79000
109271
201213
248607
52938
44323
34050
33729
98474
642085
166892
99621
291280
155056
28838
420847
189592
42671
248734
27946
99625
78557
39906
243411
35680
239716
291630
157400
188725
2390
165409
151512
83309
56331
89647
200984
73108
35769
162198
11259
162729
637163
410754
65730
78153
40409
71515
81480
160318
180031
413098
169155
25414
238754
152348
67006
262678
163885
180038
78120
191556
22502
79241
261552
150394
410158
628495
174567
180039
65004
202998
248056
27006
31092
416807
85007
184758
42675
43199
71235
194639
429404
95697
44907
9236
241826
83659
164439
91875
55319
99721
35379
55714
68168
71257
152113
170863
58150
162161
87429
155280
194802
193639
11551
53406
417684
40933
72678
291105
151748
56324
85350
76168
2738
247050
77298
85625
77583
104654
422389
168139
9022
252129
628476
81946
164349
174644
78128
26482
174574
246966
186275
100548
89301
158166
22207
165115
41209
77296
98955
50894
258118
280108
248049
16044
150138
194514
24800
56334
8405
759461
606424
73255
161861
151880
94598
63605
400786
250541
74332
280725
65493
251848
86170
251389
108940
605385
99478
51289
68339
195264
98882
76946
67846
75208
66743
27772
410000
62615
28891
104861
56134
257156
79385
81992
39521
260854
158709
84588
198200
249090
248179
158247
27152
103975
411325
171539
152110
170568
243724
172164
27364
162393
189928
106707
62260
152214
89350
251143
98599
160599
85357
98879
153809
290130
628478
158745
159023
55462
39895
832
291613
657616
280104
157333
158700
68537
26270
100787
94951
26269
59555
249103
69637
65628
183873
39014
255579
63037
85512
264191
67971
182387
183811
68131
9587
54043
30018
188294
248177
251025
52487
74627
94597
94617
74872
409854
413390
431370
54445
98784
54917
1127
19006
195397
31637
170169
167046
99548
4337
290128
105170
159769
157532
54818
51911
237421
83942
187996
69669
187804
98188
67024
55661
163487
58933
187878
432740
188047
80410
154393
245850
291287
183088
189361
181262
78409
186215
426407
54017
32591
23714
95315
84646
79921
24532
43054
93856
246225
56349
71256
172283
100851
41191
161853
185369
102359
100856
150824
4538
413494
40928
230341
179
42516
163944
252370
420371
93908
23446
247530
246740
251135
30351
156583
27305
198288
97941
41111
106701
73687
616296
159696
188423
94546
53322
168749
98170
411483
180842
166585
252595
30863
250576
75672
159732
152249
247302
152462
193914
153970
61465
43520
195404
425659
51998
99963
91062
429907
77367
246013
194769
96765
161645
429416
66353
248613
201211
153733
60506
430187
59500
28558
172094
96956
56502
62873
71284
68611
417037
71629
164954
424496
240748
249634
100840
409530
78411
257163
151515
237115
156489
23682
201215
110318
66242
83851
251651
236260
173607
74284
54777
418545
93318
249079
96730
169157
27682
194772
421549
258149
291
72035
194757
192957
182379
410709
241159
418691
159286
68472
192816
188
84886
9175
9238
180816
99718
236046
40057
620301
174189
11144
201279
82608
58560
251692
9639
108419
86760
69162
92396
68428
430971
83083
169172
415714
188292
190573
430603
10179
8415
191527
238753
94017
79201
99720
97676
86294
110312
51896
190489
86510
171959
55707
250654
198779
237675
230280
35509
158244
257395
51688
83340
61192
425581
27774
93322
154400
171029
68632
257226
56339
94995
40931
163420
20234
162172
62988
96959
67020
5393
160159
55949
164440
90678
161000
87119
421173
90650
80021
39827
625376
93906
82914
90648
82634
642091
66159
83945
33646
15583
100174
23769
197717
33660
40932
39693
237999
165232
192356
68959
27330
44670
86351
251657
152798
187880
40483
414373
180056
170297
98886
130021
261548
65991
50378
88927
189585
413184
261623
253673
404696
291312
195861
164633
56341
28054
173978
152247
30747
102606
162178
41680
192595
170295
73022
92391
70046
166709
66104
182076
72072
200307
91876
261965
608629
250621
158854
80221
189580
5392
245654
166287
69567
99055
44716
84714
153755
74909
158221
35572
50290
237676
238551
93324
248803
621324
75209
53754
416711
152262
83950
54725
241815
163423
174045
38286
86155
59200
36082
185613
248621
33876
247330
80337
88958
24472
100731
844
110730
610619
153400
75410
157835
62111
9173
74621
260195
169165
154932
258151
158232
67331
156493
38385
262934
195760
67762
100179
159800
75352
171545
260923
94504
158226
413493
412776
33601
26798
72070
61193
71148
412044
79230
87209
257713
290133
194482
39691
82118
72561
107469
80672
5260
66119
60179
55466
191408
629117
193633
88953
244146
257770
172097
260858
32558
237246
98285
248608
83947
193299
50296
22009
41140
39847
75677
92397
248614
91784
180026
413174
159395
237966
173073
86713
50847
51418
66852
419162
5984
261762
414394
249070
100547
40473
261560
51690
425444
152458
181125
23771
291329
78815
95615
260927
79980
52153
241808
85623
3056
165307
79997
91959
433241
150344
242200
31832
74004
247528
22054
67097
259479
250655
79645
95072
95914
154087
85520
78571
415813
99547
50379
91763
158667
30891
249909
78019
40476
162164
60177
185242
193505
86814
244040
92911
238047
95956
261019
8124
66105
37308
425958
416922
156438
71023
165370
190145
391133
23853
78185
54404
88667
59741
413108
165114
72226
159020
51344
40350
93475
249049
47121
1546
23438
238112
34047
97553
5607
631441
100149
15862
78143
250908
76152
65039
58727
94889
411887
63097
56555
606979
90509
94019
45816
150976
71860
189364
86717
23115
187914
65007
16462
163442
158665
76304
291561
409930
5060
27417
40565
230313
66261
44849
28132
150777
86353
152795
41005
11265
160888
257227
163439
98962
72210
88952
154160
198625
88504
93254
168383
252427
60564
71884
419227
247534
616445
26476
257338
54821
161864
8406
203008
240917
77590
39181
84932
24620
65733
154154
189848
33592
21933
85556
79323
258692
418130
93747
22100
190748
81109
154928
150236
28483
28007
16428
201856
188801
172076
54421
422795
407752
187915
908
71191
156470
79990
156384
62394
169163
73810
78813
20831
157316
50570
194337
180040
432199
171106
68182
185218
240815
93900
152663
245307
255718
95413
252326
26229
94962
158707
237849
166651
58748
255853
262715
50618
105545
174617
41204
38074
91285
160886
86930
9007
98775
60176
60965
78144
39234
186775
66158
180840
59696
248174
171599
155322
40456
432434
166567
291631
108392
257394
27877
153071
248611
261682
165369
91820
70025
67759
97476
63473
156310
9148
172367
245092
158164
641377
82913
93327
62084
72504
158194
245071
170465
80887
153423
237420
201457
4691
420154
95687
183607
247801
170293
428505
195262
245000
427635
86927
248894
235896
50622
259239
88959
85953
50288
759459
192991
61227
430975
247975
51252
236976
160088
261717
300277
35637
22177
153968
80068
194767
241661
109363
78709
193502
627389
37307
160163
50174
54385
171534
180028
41004
253586
156439
261867
153734
35329
156491
194506
35270
251844
65983
25719
248620
98459
154937
33657
90729
76165
258754
195400
173340
423443
87431
201470
65627
257272
71955
201217
85883
290989
153741
639951
421917
253487
11803
156437
158568
258938
244077
24828
67405
52054
174378
70055
95437
51340
258937
252608
163882
250640
251139
60642
162101
653482
202697
109389
235757
190650
86509
156579
43990
78312
38346
44715
66064
426761
188321
192351
203002
195855
69360
182937
84753
89445
73054
248350
72774
9362
281456
40019
157645
81500
80149
430970
72032
428745
190496
246355
156494
196329
72079
162606
80218
168343
71095
200522
188369
81217
79628
416886
189617
265592
68890
58750
29407
153350
96192
80518
81496
43969
102918
72350
91708
172143
42987
151505
429180
91379
97097
183636
75643
55558
77370
291301
78862
153053
4075
16435
188623
159290
427174
1458
248560
250838
94023
90466
54062
161127
91286
161389
71679
22076
84972
100522
169728
87731
86716
170776
25
24537
189795
201346
97782
60652
603926
79538
67880
71287
2411
180839
180576
252127
161351
247237
32509
236265
60398
1362
170625
188936
241481
44812
173068
158694
75381
291102
180404
165169
31380
57803
160162
57569
257504
54056
153754
81812
50502
6113
56782
167141
240857
73527
94891
158682
50291
9527
88139
52034
90674
105756
426097
183964
166525
14368
165772
40873
58930
66850
23850
57037
93382
180462
214
35772
108994
198766
66879
419841
258130
154758
82408
90724
246999
74995
173977
71695
245649
61752
248173
252366
153500
251142
432202
251146
31369
166923
5081
188355
162166
201362
257531
251825
97462
89906
50848
153108
25349
417700
246043
77091
69062
163879
87988
163936
200257
415303
251563
193508
249419
5602
191519
192360
66245
181570
98817
99442
183699
63221
65368
92963
40307
623536
99719
230460
87870
245275
202859
169429
430571
84467
10420
643934
32002
162168
246852
237192
257222
43504
1412
759651
169544
192979
59583
1432
150098
72640
153935
171597
238544
107636
49720
72418
153722
187429
197664
75104
421179
433371
159293
174445
85360
190747
98366
194343
79929
413823
429178
59831
55489
76927
404695
172792
159715
21930
426370
252364
289991
57500
2110
291126
21356
247236
81921
86818
202960
615610
39772
98050
190688
74623
241656
52996
60400
195198
27839
616423
96111
80140
99054
150209
171870
600486
158058
163926
41024
156466
163443
418091
154157
191330
159620
41270
50799
260586
93253
200973
290624
72269
156776
60620
25822
246965
78759
65993
158668
100018
248230
196987
418500
417686
71893
29544
237926
280879
159247
238493
68765
192631
91706
89608
99051
280301
83269
16955
29541
201447
72094
57540
189846
15392
759445
159645
50938
40511
22274
63096
9523
75993
188368
10160
235903
62196
152656
258905
249086
78057
16571
238757
420818
155907
417694
2460
37368
616276
50295
28482
198725
195070
186196
83459
35271
422397
23042
54816
300225
426550
262062
759449
250832
90711
88795
193107
409623
154384
249948
87208
408145
90676
89691
246155
242039
33626
421960
93743
110041
98813
430821
50839
172365
107528
74706
194332
73796
172379
44367
257215
2180
195164
33596
759462
167405
259159
195971
59740
427561
39514
419801
92217
39952
72096
56643
95917
155764
40677
75645
168113
281757
248381
248604
237577
257392
30015
158054
75642
45817
238491
170861
96773
17018
63022
94633
90651
85706
183731
55485
183871
412496
189571
262846
158228
173751
423147
63604
23773
72071
34923
97162
158160
161693
2206
98551
67847
265063
81947
154929
429181
84681
68265
432905
153241
411024
64613
90439
76867
73656
41266
78408
249098
61027
190536
191847
430972
66559
190986
9237
150240
241799
290760
164366
160953
158157
86063
23116
174270
196110
40993
31090
61026
172091
9232
33738
246094
154934
241406
80386
53800
616302
78133
158674
432114
68128
86165
4067
90437
106534
110020
418947
171531
23683
161258
418413
15393
82304
248598
55498
246448
86910
180403
85140
259169
78281
87612
58680
90677
55475
95301
243864
89444
88378
86816
185711
77075
245793
189344
153737
192808
172629
79866
1529
9637
154724
73409
201216
33648
84258
172306
43039
93687
413255
93903
71678
1530
280048
185822
79263
78150
67517
28557
59753
182391
71604
73503
246631
73929
165664
169432
431389
153967
167159
24242
95321
246964
191841
261137
280124
166924
263032
261759
241801
194664
24194
172366
189538
98163
154480
29240
86922
93328
81526
37262
290626
50175
153763
25576
171237
289
244303
94998
158714
5603
45824
24186
195166
169757
59894
81206
242122
627105
180819
432680
165309
414174
155188
71322
241828
96169
173788
55483
93945
66726
100570
91574
249093
170160
84812
85354
628489
187428
78400
230147
200972
171831
252699
247238
247295
157397
290765
628479
107599
93629
24549
171463
710060
261778
102356
414377
55589
252421
423519
82313
164365
183960
167948
160452
98579
239718
167705
77600
10439
83729
74998
169142
43517
10052
62285
200309
66244
43800
235899
243656
87420
72484
96059
406614
93725
252791
238752
202656
604
67995
195846
247029
50797
79910
93727
93252
72031
159766
59195
252596
240245
48127
238633
260855
153351
77271
418966
33929
96166
158639
419840
53295
9625
5671
81358
418600
257702
243377
237579
67741
97079
188357
194376
162730
259006
237519
61021
40051
109377
59387
241798
195794
187516
182909
253320
86757
51620
195438
48008
182434
85702
186782
174188
83457
281136
51120
182898
77090
184976
88329
71241
82406
153501
94631
29063
251024
28340
248804
241484
257388
23100
163391
250865
195595
289986
290632
164810
160453
415882
152245
25413
95317
191848
187912
83839
248627
246042
159695
104715
94890
54390
427597
162759
158048
78573
73648
67005
165286
173335
94603
412048
171835
26468
73170
170868
416917
58737
417703
78184
85991
58749
63461
171598
77088
251482
78404
6058
84464
158857
152259
78730
166500
171115
33920
409994
200636
163413
83940
98183
52603
198005
262228
84987
189896
34639
5672
417705
280398
164287
262060
67286
85518
25024
172092
91380
158231
191523
86762
166546
155180
98284
71433
50572
58653
380386
86306
37301
76976
95319
21937
58741
91170
174090
244010
413102
91086
162937
60191
68750
180372
58555
253193
162174
239663
77572
189576
65779
183031
426405
181011
192594
251137
194240
68132
28465
2995
427049
93393
68612
67758
194737
74618
81831
237805
68714
47160
391131
409885
280760
163431
40794
88143
156385
163355
412317
91705
627393
88141
291282
86175
92576
153240
95915
108976
58735
183920
249083
81487
81481
80035
167265
248603
37303
91338
83002
68266
202353
243946
76014
237848
9547
99775
158061
162100
431464
422712
103910
245495
57214
158706
1841
172620
153715
73976
24202
69718
55487
161537
97997
75298
72772
94635
14337
80880
77919
171540
188835
249021
16927
84017
108763
78127
65503
51290
32550
41865
249158
171117
266259
240339
156580
54813
171591
422395
62275
243726
261849
36298
173750
96953
201448
1879
75398
78855
24542
28480
91240
421272
182933
192989
71888
119
169700
95899
43799
83389
171587
24221
606971
23447
88666
400222
50494
91572
158638
44349
87525
68120
196494
160045
30816
290119
51409
15308
93502
163437
419806
230350
167950
95616
190693
252619
173336
72373
637669
77295
419747
413103
182389
254057
23778
291311
156436
95450
44759
58713
106322
257165
52026
65062
22215
75097
616509
248572
110033
161420
42473
15242
86308
108975
154942
40924
65671
50628
84135
61362
32038
173341
33994
2246
96975
54368
230552
91955
409273
50025
254058
79412
248176
237065
167406
94518
152038
195344
258127
22096
195237
260470
99532
164636
31602
87213
61029
22381
193307
90668
257397
409758
85516
31370
55620
83597
2359
291562
158677
2744
50626
26308
290985
60416
43883
41775
167739
94020
68764
291332
192361
167577
185587
628466
201444
195247
74991
253265
38405
433183
72859
254059
201045
165287
63607
78137
183788
100219
240206
160700
50472
238545
98085
433312
622452
247002
238001
158611
9092
160600
252071
258119
26577
75627
23962
98809
191322
194817
191350
190396
172084
247033
97674
657600
27649
39184
155559
99164
152085
68268
103863
196149
95478
193931
290812
50503
190198
236005
5269
99631
153056
430973
67349
263768
21059
256677
261765
21934
239772
76972
159018
99622
96416
2243
248610
236974
659405
409655
425657
94997
41203
63220
31722
72027
109703
44517
69893
71777
36156
162007
80799
172282
246404
183962
616192
56498
1000
90728
33652
248684
187923
411803
260474
198384
73972
24499
252390
93984
54793
84459
189044
89460
155719
91703
57273
75910
9524
259345
98618
193305
9233
15794
2444
170584
23241
99624
248807
73192
291633
193636
151881
258111
55473
28251
78142
81359
194775
185584
93114
172089
280793
108966
100531
652289
193433
88546
250275
45819
53804
197901
290984
88928
193312
421376
24870
110314
51736
193300
161644
97590
259622
174089
183086
191525
196117
600174
15733
84448
165230
174171
152655
427870
160059
82744
31078
151522
84133
39189
78141
170867
261766
200827
50906
73044
80144
61751
188799
158719
243823
44720
185372
70064
429182
425441
153746
196330
193031
195180
414264
90447
163488
31157
96772
168980
263104
71434
198201
38232
252325
241114
88355
170146
263107
92216
195845
1360
247838
162175
27815
94781
65666
39907
159694
257391
41268
98952
409266
158686
250210
44392
8749
290909
196286
172525
161323
202349
94608
71989
88266
253879
40199
67098
154730
80099
72560
281412
84983
195256
30865
96061
152563
422341
245866
257408
259023
92768
195245
290994
68031
422798
194739
249999
55660
243838
195500
172838
93448
27306
209
95996
98888
75126
69142
200862
75913
195851
62872
431390
89513
55695
291331
100878
97617
153686
158671
51211
153222
80921
88726
91822
191843
194878
91096
43691
79329
246520
248632
42760
160698
56350
27054
201785
160436
71430
58733
248553
173058
416811
54321
39957
62874
172081
189807
151903
257991
94011
85358
262935
291288
259957
421645
30899
431393
57660
607038
290751
86354
250843
82930
607911
79919
241490
62368
168734
167684
257334
152468
412390
88144
89841
50027
158693
75372
92394
41427
428096
260920
174318
9866
53103
150096
60152
248014
187919
5611
248482
51425
416910
243643
189968
193504
91823
419808
248609
290629
51614
102072
67215
247327
91254
72038
92553
58696
74367
22399
100529
197820
55591
20090
78116
105475
645
71889
63042
28249
24502
96108
151197
23143
94762
86714
87120
164437
69823
65801
198780
254071
156258
600287
290991
192362
98953
182388
99085
79793
92973
261820
94607
76859
181314
31033
88532
196113
245293
85412
40678
60175
51692
258271
180843
245640
261942
424921
43571
404478
189893
239664
97088
280552
40508
171585
69422
425681
258128
152467
247641
237888
169161
168888
78841
75103
88318
61270
162176
153397
72580
84759
80034
414372
99736
409928
158487
55590
68937
63341
180493
110244
152453
49521
62113
75624
171448
192357
257798
97078
72823
58939
37306
9633
50871
251486
248885
87874
156368
417688
156578
33826
260560
245326
71954
75674
160966
248235
88669
250907
41998
4532
24145
166677
97461
170299
40278
41198
250724
264215
153727
163145
98814
72822
189894
163389
380114
189531
31345
29358
263103
98547
430751
409611
16572
239580
259860
174177
67433
67319
423608
93207
57714
180465
171168
26749
59931
9798
238630
68647
152261
616325
91704
256319
169753
202963
79086
99759
76422
99722
96639
162184
100617
154349
153810
264710
258136
35479
98810
77384
86621
430604
60178
26042
96955
153729
38140
419799
94953
262446
74383
50754
245186
173973
237111
156468
65629
248132
42685
259168
80775
51667
63164
65990
251475
84814
250839
250863
24500
150097
201753
76122
391089
72006
86167
89940
40912
169755
262941
30860
173981
79277
93316
241244
407293
237140
84465
72582
153229
257383
259347
80622
64791
54605
158958
251826
71861
156533
72149
259035
56591
197860
189340
241407
251383
193506
97069
39407
75102
35693
170149
92335
80874
186871
251939
193561
62302
55467
151507
94601
421066
189969
191122
257393
159233
240818
181657
56340
166836
185612
63636
58168
43421
183770
45820
162779
238621
35495
173996
422011
80847
66101
89607
202322
73797
91783
182931
32003
642250
259170
161001
159692
247091
163393
152220
202945
71449
197338
189534
68873
63562
41112
75710
414379
174191
54060
201087
170158
84808
50902
98795
239227
98288
68709
55517
266258
414382
67740
252323
260198
99723
90002
98820
97336
62116
107808
11806
430576
158720
89397
249048
155712
89093
33647
258855
77100
174553
241814
241155
189942
249723
150314
73951
193150
93943
24206
23107
414391
167403
249099
68634
40751
81486
243922
248578
90672
256222
67621
152258
186535
290
37323
28159
163279
2156
9525
75402
191117
100268
257716
605623
189887
15698
264523
280122
68431
11797
37408
255854
188295
423441
413498
89689
41934
21114
66118
151511
174446
2381
79317
98880
159592
184973
246402
616448
153718
86291
160062
616511
107708
50903
407803
14082
280418
65440
110040
30615
415811
160160
39694
171111
51496
153973
72059
78053
247240
237113
32622
94999
108099
290810
185370
256210
72068
202273
419805
50275
58818
26797
13020
280399
84590
422884
19069
195437
251485
55472
92221
252132
181046
80969
90664
30866
250834
251390
157399
55631
239579
190344
153735
157534
166920
165770
170159
80543
260695
151545
84766
260262
88644
237965
25681
157334
380483
406531
238490
72955
249635
51880
94604
152246
70063
95128
248682
251481
99623
151499
197434
290117
412003
72956
87476
52268
236032
15012
291635
74570
186952
38419
154156
238495
86205
263102
71474
18113
247301
35152
194374
44514
91877
107543
32549
172297
416601
98911
89446
238618
245497
290123
87990
243644
246400
4392
428519
158837
16569
245061
615905
43569
167576
420155
190742
51691
188366
40676
235900
238746
645054
93633
79475
196114
85614
165774
201783
253395
79988
237176
88907
609762
415810
240094
78808
36425
35380
255842
72028
171592
67055
72691
52113
167446
34452
95035
83323
66880
88554
43220
150095
83941
432198
255576
94954
162395
258144
264138
188370
600286
249067
417251
759650
167704
187615
202943
156531
27992
80141
73053
1301
189166
168889
247524
94015
172144
94340
43676
85402
49759
413594
21941
97589
154820
432205
161669
59378
97533
164443
237415
626
153753
104766
415342
82109
77843
421011
257052
249081
161421
55294
181754
102089
160290
24531
68412
74604
68430
408314
251145
93634
75907
150463
41314
166134
98022
606259
243406
9425
249082
55545
238625
192587
152109
88650
67505
60542
74759
82927
167120
174576
419802
66129
100267
61697
171535
77763
98617
85755
100550
155276
91676
243412
189648
241483
170294
258146
428543
82312
169613
81106
52285
190494
39611
171120
238977
31289
184331
55477
78020
73581
88055
74382
87991
34330
409716
88725
194333
80338
189635
155370
67401
75673
51389
172095
190651
198348
109342
258147
41003
428744
160720
99620
249074
97970
97068
642192
66133
44728
9528
73600
173339
256037
171889
31138
173620
76782
55463
40507
32623
241243
102383
97477
72717
27995
257234
180057
154728
26849
250841
41424
98885
257336
27921
88727
410328
27480
202746
163415
31600
97555
152456
422259
417701
164546
431053
413129
97071
248149
280105
157965
189931
63495
257382
79112
163941
412045
159333
241810
40966
27773
25567
173060
74333
759649
67358
90175
94632
78859
65265
258110
258140
257378
74547
81372
187908
63289
86355
28260
261557
168634
194974
153714
57911
152449
646265
104898
93112
172307
251942
169231
9048
59929
151734
260324
100517
259070
162266
80402
607580
281550
41188
290118
190954
62671
254060
251477
1625
71301
159865
161855
153937
161692
71950
172377
33874
24485
30897
190745
24536
183749
413988
195249
173605
96167
41316
108764
241156
29193
425682
159205
659561
72207
415518
66669
247048
248236
172300
241242
28646
54069
107585
189341
36356
16510
427928
188157
185393
151639
629106
99996
66161
59226
188549
173337
156530
93901
81373
230326
913
424636
194816
181569
192359
166642
78145
170168
163441
56345
100620
249064
62698
54268
202017
246041
81832
60560
69895
416929
241154
20863
185713
37405
64763
280825
248188
238196
616289
39183
61184
66352
75366
158198
238287
68936
9021
82929
193304
247726
57968
187614
78853
51495
30237
10440
91829
74677
161852
31093
262998
21939
430616
150208
173980
84757
194467
195450
261718
40672
635637
16823
73462
36355
74994
73166
31077
24686
245608
36512
83953
659824
194601
40329
189943
189359
202501
62098
241872
81105
246011
409856
23204
238492
188794
40587
84971
153808
238638
402784
424920
75911
194342
210
83946
418849
36280
106380
152260
249095
39288
252186
237174
74514
48179
16127
247787
96163
201453
411976
69638
413501
88649
258132
166058
63675
23145
151733
153402
241800
158049
413106
182773
161987
71029
10251
238637
616262
412495
60181
422804
24539
237361
84519
239396
24534
72043
93116
94071
110313
72563
151498
85605
43414
59770
243947
21355
93325
258120
246012
79330
26780
88245
93636
602453
84561
95496
182717
290763
102351
195436
238048
194430
20945
193318
88056
96521
158685
36513
411415
105923
75264
154387
162732
163732
107533
78817
43667
84663
95129
26410
290378
84452
433238
180460
185359
40566
172132
151841
237191
152459
72005
20169
97480
253194
202882
98954
238953
56548
9548
50215
27204
247328
183797
194322
66238
164547
245173
84883
259074
263090
50910
4680
290457
262756
44762
409929
421193
82872
54546
79415
153467
244304
158664
5488
79917
238120
71949
36454
170292
391189
76269
98781
68780
241820
248624
71995
200209
230345
82405
109718
89938
69078
150198
30333
421277
40512
171119
35755
150206
93944
93627
75079
93983
41402
84463
291103
417467
98024
33716
239711
52939
1126
66128
240166
78138
262840
30898
80420
194766
95402
79202
241816
89348
166526
290627
153749
201214
163878
93255
404697
163862
89933
614306
6273
74661
170690
164404
413224
182771
166495
628739
416357
72069
75094
153750
68125
264192
53335
291328
194764
607555
247244
172833
158230
180363
621325
258134
43519
75011
170624
616172
39834
185929
415064
52267
182919
151587
94606
66868
80037
44298
96195
423267
41324
60967
261607
97201
80849
161154
56412
107845
187271
426125
79390
417685
158216
51893
196109
420370
15472
417681
164481
159016
81495
249318
159673
40582
2242
258150
238622
66408
411800
168116
290458
78424
154386
73815
196116
90134
87234
9080
182921
173972
172280
258145
164169
88145
248623
290283
197874
94573
109419
96456
238496
419804
154936
50565
68269
198070
291334
98460
238118
79087
200981
155539
33655
196326
94018
96162
35273
41951
628839
84589
153462
30582
40477
194338
158961
195356
39619
191844
434079
192341
183663
417698
161859
29250
130417
180459
41039
168999
248622
154146
251590
68934
171110
167952
184589
71214
83458
56815
247234
8195
81918
102353
413340
173326
427050
414559
56980
239783
9864
84571
409735
245185
25565
40093
83852
152594
249087
77691
86710
171108
89345
414395
90050
201701
66731
249047
57213
39300
2593
240859
90718
50416
421178
290981
181312
31175
290630
162576
160890
188635
161359
94391
89941
85604
72077
23522
161432
759458
423442
411327
159615
73052
259350
194748
163414
9521
109702
198723
103711
238631
53798
418208
414350
157643
80098
87790
257078
161423
159799
74611
245308
94616
160864
102045
421548
187613
158225
252324
80878
60538
189967
186863
245849
156096
155215
102352
52036
236045
245496
194641
257709
42962
40886
36148
247640
9347
35540
259158
150238
193919
66383
240958
158724
237401
93635
163909
409848
154086
156981
182377
230428
292070
162171
170303
182917
89964
10046
153934
86203
415887
258141
40474
172163
424900
261684
604514
251318
80227
94519
291333
25582
67895
245291
68169
190433
413698
429501
259167
27402
430133
24190
426374
167731
91097
90320
201745
198585
173787
13425
248150
98569
41754
189873
194378
40563
247241
31111
173682
250659
172285
85521
76156
261043
97554
416923
9888
41423
290379
40679
16655
76416
65800
237162
167429
172183
4849
163433
290762
156529
86936
24212
155386
170585
153026
15811
247800
64711
75709
237405
165932
430699
262589
166922
87522
76011
260856
65147
159289
23710
152257
62358
194642
419797
161027
251385
262427
158486
92218
161355
75212
157351
40740
55478
10335
195586
241417
86912
9466
153340
158635
173072
249085
9693
167905
417777
31137
98287
174551
412667
433308
84655
68982
150137
50621
250658
162593
185932
60013
187555
26582
161905
157836
180036
26787
62395
153717
259072
85701
170167
167058
80283
162402
169143
191526
4851
155561
198788
194753
261020
170687
249722
11255
237461
163432
166492
87872
248920
72039
280390
36254
91339
420139
35670
39193
15368
24213
416913
261604
157639
151510
1548
160866
431512
248549
24763
91052
65065
429472
257221
75623
98552
54061
171498
78018
68119
42743
41895
250836
404376
162196
56330
39597
183301
72211
262732
194334
213
158220
27945
192588
169842
248048
414387
2183
230146
78072
261943
239712
5338
11805
411023
426375
25373
252128
162958
624042
52348
201452
169862
82910
202743
87216
161865
259861
238153
239721
108001
94839
150470
65037
75392
180030
162592
24769
193298
163412
89525
67023
251478
75327
92390
5279
89443
150645
151502
258117
93476
60180
5591
202744
51909
192183
23811
259363
194092
245934
172841
91294
432112
161808
9118
71532
95494
253479
156500
417689
28836
43031
92219
431358
248615
51619
79411
44524
40330
56343
97619
33276
74620
152786
237324
55831
172278
75411
187910
87887
74855
259353
110309
431957
3909
433594
32688
90132
5594
9227
290114
259341
158059
62480
418502
171536
198269
193859
4146
72075
75206
94393
157317
88422
95430
247331
237139
87211
251845
173059
235902
78558
186861
161357
40861
202047
200133
192339
163394
192182
35537
422340
164232
30221
202085
75579
150090
422794
425122
258842
182766
52575
51487
5632
172162
67351
417424
8753
193994
51695
155019
58896
38404
83593
198762
69625
160289
69170
172829
40949
248256
259049
158712
99057
193320
85207
20819
248167
81316
29242
72905
50904
428541
26585
49522
186776
86356
35636
612209
70027
6287
190743
88904
78395
64752
51157
77294
54868
66735
90716
34051
191558
652897
174031
161491
97939
156092
162760
167267
91465
167263
153078
161734
50048
36523
425845
2720
73787
188322
291314
29509
49567
164431
40948
23712
251489
43515
5074
68181
52035
73788
61023
50492
107538
171241
158725
79389
158741
49663
187881
154142
155018
237970
158197
73396
62904
25583
72097
62393
162953
99965
55456
93905
16394
45667
75354
159025
82928
62891
59196
2709
27035
623101
102056
162009
36560
191524
82915
198584
158717
74622
248013
246741
102758
75096
66558
417682
194774
78183
170775
150113
30815
86633
63589
196425
80582
87230
616304
12962
170165
100532
85513
96522
250796
85211
21938
95052
2750
167906
237575
88533
92795
33925
97898
55484
171834
244301
49553
78414
168420
241660
291327
253486
5321
239774
421273
246217
193951
74018
68144
80147
75361
11807
99626
59928
241161
249910
77654
421716
26875
74607
290764
290750
241416
33983
103939
72351
154076
417679
94757
259069
261901
106400
608469
104935
83267
290756
201818
158681
90176
153405
2446
27103
151638
54063
74957
411145
191520
411025
86813
280419
202089
92393
25718
155173
241423
75375
94520
87948
260697
238626
26311
99604
189618
244298
94618
171593
93586
193029
35494
93256
187918
202768
153756
153211
70030
188789
28030
187911
172209
193310
238005
174321
170164
27129
163976
57688
759451
230549
90675
89299
98056
56254
191326
67450
40328
607560
418726
200258
416920
426406
108872
230346
98428
156534
261223
71437
106670
430977
84918
415294
95323
190000
86908
193670
27765
249102
170784
166591
58957
416914
183841
2472
85401
83419
109376
172371
616292
158716
162179
235898
172174
79920
54071
54817
26963
88651
88051
198633
50855
258148
86508
85821
290628
201744
604887
248889
102354
626749
251886
69430
55649
90172
95401
85819
78713
54775
81066
422524
172619
240920
150813
257728
184587
188359
250909
4533
73973
59739
108905
80249
614675
55476
99052
190490
429189
80888
87784
262426
158637
162169
182036
391088
97096
31118
34052
90450
95624
88322
75676
99081
170166
194975
257386
240055
241812
66670
69892
416321
36600
249088
90719
172281
416709
193154
261134
244300
44717
97473
80472
54855
259033
10122
30850
24020
188834
107850
195757
280547
72044
156495
98359
24506
51725
61749
236263
419479
248114
422394
239717
152210
190773
56320
655768
16177
415051
28648
90322
292097
422540
73790
85596
74915
230327
68068
406745
194137
40463
242280
54375
290993
59614
248547
281082
411801
153346
69808
244521
254072
189895
15981
168137
99628
68633
98429
249911
165773
409837
237930
77636
430466
41189
406532
628472
157879
259343
98277
41997
159797
35669
201640
78136
26068
415707
55599
76043
89346
257389
99367
190224
75207
241002
201639
155116
80097
189797
195853
74662
248887
166991
415890
247242
62396
165776
183700
65994
237404
626999
189343
84453
91168
257712
88556
41398
39235
155906
162727
35771
77103
4639
56300
195858
248612
195859
5599
29350
75211
34925
31097
183965
74090
249320
181313
291325
238989
193915
186783
87530
150775
78804
39389
27948
69437
2093
202323
92249
33927
65061
98890
156232
24154
186555
154915
153969
33685
98027
291563
77515
258154
74029
418499
50305
158678
67757
421488
8755
160699
194138
236349
248676
246403
168142
260928
74218
53330
416924
87210
5304
182923
74504
99964
252126
88553
247003
192980
240054
257285
260028
42702
248545
194645
9568
27327
425443
237967
173392
166493
5298
170882
183117
156016
88914
102382
36453
23347
154412
24944
280047
412493
98975
2767
158215
171890
642370
1341
94254
80521
150118
172131
251589
88264
98960
257162
24869
628907
187612
72773
180810
421274
37407
155770
194335
259067
78412
174642
110315
152767
27920
201451
257337
108769
42168
185933
1586
83004
165777
196053
71680
194803
100544
94422
180463
62669
250625
155909
165814
86740
291001
168855
39162
162405
9143
71802
236973
238640
54552
167426
94599
159600
92902
110166
616488
63570
237752
156594
412780
413491
170163
50489
411240
7221
72048
163880
68284
161360
261550
201278
68667
41399
55490
192596
156469
155030
182383
81365
165163
23929
86293
80403
248806
409832
40030
68121
5299
158742
200270
602043
280323
55069
8401
24488
93317
107605
196893
246401
195172
2994
195863
63496
36561
181653
182423
57127
44393
248883
260584
201347
99368
152987
90064
54070
56970
151371
71887
181654
28545
9442
67592
166496
43516
30315
418257
89947
247409
58956
432208
79605
248733
23529
163883
89948
154725
88547
83898
628342
251847
41264
163388
100401
98871
193993
88909
91828
97387
16066
155394
10438
418693
189917
413699
290625
172382
258113
238745
28676
150234
619730
84705
240046
191522
189922
602228
96771
85410
59765
97921
256220
153688
414558
290809
69339
95459
98047
90436
73930
89935
259851
291160
249169
190117
188358
72127
238620
94252
248559
172837
68427
159246
93964
106646
155281
50798
62980
196327
110081
188374
2840
80246
165910
75641
197157
153401
74366
60393
180277
150131
195435
91692
173169
251854
94634
230927
241873
81453
51682
30748
421629
174552
29196
162130
414383
257233
61753
51915
290758
75912
20400
9078
49028
155226
81922
605632
163424
107648
173789
184975
12105
80102
2728
30583
20721
281601
261687
80673
187618
71900
130415
264139
161387
433247
190431
182922
248551
423423
66671
202355
280123
183769
291161
247728
247798
75626
246517
249100
645626
64715
414396
257175
59391
258838
192502
247639
182071
188365
257380
74321
261319
13021
194243
258137
102039
150114
51142
165815
433235
75909
76147
189075
92102
26036
82912
291636
262849
416815
240775
78854
52615
88237
77057
65792
250629
230332
96174
151528
40584
422796
250656
159291
155182
154155
87735
51733
163422
261547
89977
164233
170623
172082
65624
158663
39626
262855
628947
55950
27401
49566
186989
93491
188373
423582
6249
32675
236261
193991
66647
412042
53799
88263
166650
86305
88908
160645
71630
180119
163939
24211
162647
154350
50035
76417
98782
249075
419137
9626
239782
263101
164286
83840
39437
189550
72155
44749
191846
90467
78986
636880
189551
60563
90465
252425
245650
610353
39515
257398
411179
79145
69299
163270
238117
40965
316
74605
194336
66317
155762
173971
172133
614461
237847
43578
616313
253888
36146
153226
83001
94420
67755
165454
151544
409647
58747
370032
98669
50164
188703
156492
60565
173974
95603
171586
163931
25787
261549
411975
166494
257715
88582
646670
189622
202999
183118
241405
249850
421190
74959
158721
162728
83476
80967
55469
171169
254202
291286
65664
196328
39848
23607
240092
31171
172059
153347
56472
88752
59749
154162
161003
73647
157560
182374
248626
417301
238613
605381
155444
26310
43352
163281
415716
102032
248237
153227
84580
161647
627752
162688
2296
183842
78118
433311
63225
86923
87233
84810
230263
163733
641378
167742
194513
76593
150207
72046
26228
236333
421628
24546
153245
69112
258177
161004
201013
109709
166918
153758
190653
23965
158055
60926
23285
173342
16006
70028
89943
87564
196119
51621
195518
155771
24567
433818
239224
158018
85359
75675
187692
192807
433184
92301
203046
612556
68473
239220
80387
56338
152455
41265
51731
69356
9567
140546
155382
68799
259161
240667
50895
237406
98818
26063
56335
82407
426308
249091
161006
82746
613597
92334
413101
29543
26994
62871
5090
423107
79473
78122
21117
241486
170052
280551
1547
103158
184329
197523
181862
201348
159017
83581
8055
106781
79327
91745
48146
62040
87112
173684
19047
422433
249129
415606
83955
4537
263034
99291
40606
38136
246311
193562
69423
71894
186781
170674
413496
29283
430681
170657
165771
642384
90200
68080
247532
41315
194770
409833
236331
51910
185245
98402
169413
43742
164436
200817
153743
195204
159015
171682
38294
84517
78581
417687
108075
54877
74017
83594
62312
39652
68127
30904
380115
190576
81366
195592
637667
26789
259948
153125
88543
86130
55713
244143
54510
250807
60643
2012
78060
51419
192184
77585
23101
180276
94298
75631
290986
163274
196721
98935
600266
429179
168919
182266
153721
89300
24946
92220
182932
150094
251483
28179
161350
40607
409713
49743
151497
169545
241821
168633
41313
187995
415715
426376
290599
30814
164765
78124
195168
186954
72562
67259
84586
74619
83841
73794
202516
82920
189601
246968
615454
257048
230330
290456
71959
41234
193297
110394
91225
193509
100545
622458
73660
153463
98977
109700
418436
94870
196118
152465
71336
250630
76968
185540
33896
110399
100823
174616
87528
78130
9091
85349
99053
36083
414393
251144
57052
159605
154348
99627
91287
188964
31988
40914
94761
416915
158224
166545
247412
86168
159803
193512
75326
4040
195862
413099
158165
90448
418685
99340
98976
158218
240858
153230
247235
73232
658001
50162
255805
66733
164142
415888
1368
58285
181044
15313
252270
174379
252135
106748
202965
11269
84461
192352
75356
158722
194379
421278
14387
238978
248184
23419
90680
155773
421959
259437
172309
190746
167740
237146
251849
14374
89942
170911
1414
151631
108093
1303
263100
189202
193647
29390
230264
169232
84967
30703
165394
67320
93434
84592
831
194638
27498
79524
173984
629100
172369
26046
246976
237998
51894
43570
167578
202747
290766
73603
80038
96193
61151
88982
291615
238988
98965
78121
634631
185912
173729
89045
80522
73107
633212
412376
188729
40707
5606
95654
150540
24719
291326
402503
75213
195593
86224
180461
68433
241658
427957
94636
77111
33602
250627
154933
74907
67361
153511
51791
16592
43724
424717
27370
54815
241489
44764
262059
192348
84466
59272
33502
68763
249094
72036
243923
162778
202328
290990
238750
239221
40513
52347
151826
613700
19022
83596
257049
24942
158744
252678
90720
165393
34388
290131
202517
99457
40129
11802
160945
53792
636729
157880
153719
21931
169164
52725
57038
41326
50872
30756
56500
97158
41422
27922
66831
417693
161646
98053
96744
172368
253267
15084
77587
56336
158669
156497
71627
15490
68363
167401
80623
55561
155993
34838
161578
193637
187272
248050
616385
96168
88906
2993
78367
83865
158537
4809
14354
44754
414385
78834
237969
241418
247332
54814
89840
81205
62110
87850
98553
430978
67102
193301
192349
34316
211
427458
241809
203065
52598
84974
171170
70062
31636
39240
253264
54388
250094
237928
416586
188371
29251
89609
39188
262553
252695
162167
159699
84887
164544
414602
411476
238756
26724
171543
25724
165665
245022
416963
88445
39533
186534
154938
79400
79449
161348
65982
83949
260924
192353
158636
100864
413714
41145
15456
182920
152452
74850
419492
261853
167580
185476
97072
200634
74328
248628
104100
71420
9471
418908
37078
54009
56353
93363
154939
189796
237419
248178
55068
606170
81811
93
189930
31372
75980
425109
155184
18125
427046
158372
107542
241818
659106
280322
170263
173131
152469
196325
251857
63555
53388
105173
1964
237751
64714
181525
406612
72076
159019
432904
9270
40471
61754
78147
198423
262601
51006
171353
249140
81207
250840
157339
413696
56351
169147
55515
85400
159234
94994
409501
91397
230101
75391
172090
260865
78055
416808
155667
24195
50802
169144
74997
241337
193646
100518
182908
99443
96746
41143
15734
51264
37409
258450
160470
82983
619367
186269
100616
5305
27328
26848
248809
153260
192338
103446
50854
69431
87885
171836
248975
236264
85607
163877
56710
250906
195848
31112
5598
258176
248550
74856
153210
163930
431391
67560
73658
23441
107394
26914
57690
168117
155665
191849
71324
84131
98889
190348
54820
54314
27819
73789
167157
240666
182265
247303
89648
24943
55832
63564
78399
109007
159022
30390
201583
413495
237750
150210
51600
70023
97937
8750
155768
23223
415809
35288
155302
184414
150395
155766
260585
168144
616361
49649
69595
172372
253421
155823
259001
261135
28327
171137
109460
426588
169139
246226
24867
195346
78812
417101
83595
260853
90438
281457
71149
27043
153732
28250
261558
417676
9176
253675
78149
153025
158718
28559
156986
153466
237968
152216
183351
77297
31057
404779
97616
75678
38427
161281
158690
59192
71892
75708
433221
418645
163042
81609
162185
152784
75157
237925
75010
4403
32054
86854
241000
103737
91337
80612
108297
158219
91528
92910
77721
262625
230142
34277
258115
491556
180818
240102
70031
96185
411218
429406
73234
161349
432270
88951
193510
96745
195261
167355
185931
186862
183085
26990
52749
9462
186605
200437
78402
160469
73816
251492
251015
183963
430132
94344
173064
83388
237112
237343
85665
161405
239165
197557
180029
53240
163434
78368
189597
50995
65680
98796
30867
165308
15749
238634
80844
426098
55482
7788
165113
161347
201587
23848
84584
158065
189201
153465
35545
31376
31601
91530
41038
78146
96954
76611
173334
157834
151747
195167
247533
173338
78710
192504
238751
37309
230349
189559
153345
151503
49554
202549
53753
188362
55480
202088
193030
51470
108978
61271
78496
67992
202654
23846
32037
75098
41310
193563
32560
28504
53241
91821
628487
59764
78491
50161
156983
188360
290477
72194
91819
89344
59767
155383
624035
91531
885
237964
193308
51143
248554
87115
187922
65060
31113
71951
62164
193309
96119
28377
433233
411462
85177
152253
87783
40052
107598
165285
94016
89944
66479
5475
290455
201445
89349
64998
71917
158312
158068
88314
84138
280693
257375
74283
74871
86759
247051
74615
159148
152215
170296
421555
58731
8400
110022
9865
97012
421644
180193
5601
51343
100552
45818
411553
68432
238976
180846
152035
27547
6003
20015
195847
203009
431392
79474
169611
29212
158402
160164
28671
257174
174573
44707
52179
86715
26846
627995
253478
72030
31378
164432
28732
163565
52626
290749
94343
72037
78017
67017
2749
23857
194344
75368
417690
93631
261764
51446
74999
188648
40050
250797
426759
166712
73746
44731
198449
64999
174615
109323
154526
39958
90173
77714
86761
170152
97944
187879
66480
238338
249998
32718
86642
200472
94637
73798
248171
26747
153728
151732
105544
253208
202597
79927
98815
25823
86292
90483
250575
80385
152217
248555
153250
154159
161426
67518
193995
235901
189555
64708
201446
615825
44368
238762
9077
982
200980
65988
249228
63677
59907
11261
67355
162400
87214
1937
415605
170161
200134
184595
56539
37145
412258
90715
164442
78131
9235
11273
430602
162957
66724
74056
187917
191559
420428
195182
66667
79925
67072
53452
104888
71146
87886
620063
259140
76313
38293
258153
58932
759450
4077
247000
156367
260860
99306
83951
83311
65152
57035
74628
193296
415812
82916
434621
168145
50899
168693
161424
83948
75508
164407
259075
181315
67571
163730
39164
291945
66411
163276
75360
159014
32567
187925
33503
159806
100551
158505
174614
188363
244042
73795
80301
237946
75355
91675
78718
430976
152128
290999
153231
159809
241659
248000
83000
429208
416926
172276
91946
157315
85713
100839
251842
78313
163392
423177
9464
100258
162102
62691
191327
37106
23713
9273
56326
180032
35692
261721
168342
422618
259850
237402
180966
1361
42012
191140
153398
172096
108406
615718
158746
230132
87329
173333
248562
75369
238749
182935
160151
56363
36204
95053
55518
40885
158056
247724
82422
153259
238612
238494
280119
158052
238748
52623
68301
291283
73529
624022
202124
183969
252327
290631
106556
33593
88724
250806
164955
90507
96172
89934
160096
194814
9145
72322
75646
183732
54867
5337
16423
74617
257387
194602
23378
74660
65985
172511
14394
165933
258681
22226
59930
90324
195124
96181
66477
85415
187616
193500
257377
259260
432207
185244
188706
187921
262933
99456
246313
2094
152396
89464
98797
110021
39187
185358
50800
94872
67589
150973
41394
433370
249066
67653
198765
159693
27357
63043
243646
60207
94609
195439
253878
64731
422396
80388
612194
169141
51007
38441
230328
288
162397
52288
100420
27523
169148
169162
30272
75210
40046
96957
409480
414388
426095
155753
249997
187783
71891
9936
290761
41753
152112
91261
415498
165411
245935
79328
163429
629147
190572
193316
100202
24507
189543
73952
80250
5248
160889
162382
75205
65339
35691
410144
195860
95559
98819
44714
23856
180034
107946
27994
27237
68318
173732
87215
171589
182769
150922
247725
249076
173452
97386
251479
433232
58751
93588
109136
243376
235988
421270
257390
50896
161856
75373
152255
261926
2157
173054
91253
158689
158704
98776
169612
163484
260587
33627
195856
245494
84884
36545
71771
413339
42963
172077
430695
290124
258691
249110
642937
130416
291944
27764
68766
171113
50983
41816
257530
169160
51666
189342
188798
193635
162186
248884
249078
32559
247520
417040
230314
51693
420509
9605
230037
86204
50908
240668
188793
69008
257797
164451
24174
290285
627394
181509
188792
52490
87873
172160
90372
96976
241804
610352
248565
158710
54819
258152
67993
88315
163427
43229
80220
22073
236589
200259
151513
154385
198724
622
94022
42903
84661
83902
53332
9714
182954
246001
1286
88267
67590
411204
180405
411144
23346
162406
15172
71789
153762
95318
170150
237178
154163
236004
71895
167920
56355
24210
157750
244567
60173
262857
84136
73963
97013
246372
250911
245807
171404
237927
71432
237142
78406
185710
193113
156003
6011
198190
249105
41325
172130
106567
80228
41312
77300
29393
73567
250401
244743
79196
39185
241906
183730
20215
82633
78767
86756
417426
51391
79231
236975
172146
411026
108565
80419
80671
251491
250093
171972
22398
187909
94613
172080
55725
23614
160158
198787
183698
78389
56348
409865
33960
54223
160999
90508
248893
238339
165667
281041
251484
39675
196285
249097
82420
183789
56132
417691
69102
72143
153244
163268
66200
165779
106997
14306
105922
31897
87217
158229
157641
189045
81925
173890
159024
416928
180041
9177
173328
422380
240665
73021
83461
67227
9526
35574
54243
98891
185524
44613
238763
159730
161648
27329
245024
153752
68338
153242
106808
87237
161772
239151
71633
5595
100618
237290
37305
97633
8399
67106
439
108048
244746
94779
248175
82984
35136
78816
81077
605
69024
61024
162162
97073
73817
40279
69663
76415
39130
166653
241001
153974
607558
259355
94614
92900
254308
237114
258139
155720
416925
60618
188399
28079
24829
172304
258121
170910
8241
409561
97077
422690
249330
84767
153243
416916
96170
66672
253061
238115
167703
417696
173048
170157
200507
83944
88544
237177
50306
154158
2843
153748
23142
39415
258921
27660
230347
172843
69298
64774
249976
84175
50901
253549
82609
169934
67765
96319
173057
415028
39227
237558
65984
93907
94392
69896
606363
97621
80404
44729
171538
201875
79391
236269
56802
95316
258690
161670
56329
40510
243354
247049
2376
41352
25584
417704
94780
173094
241163
9240
237403
259849
290287
409796
96194
433313
163278
66939
186864
162163
81107
110082
161425
12102
413038
157628
169158
194600
88736
51397
53793
202948
413207
246903
171565
246739
81944
71282
48137
250792
159712
161353
95788
236637
79326
26619
78555
152237
160655
188469
16980
71283
76262
9934
636733
86928
96103
25821
78420
236267
72142
72690
35138
74624
249063
182385
102148
156091
90326
2009
200521
61144
253485
43058
414374
98963
250794
413809
69723
65367
98360
27365
21932
93391
195807
107576
159805
241822
261586
98098
173453
258133
230348
76164
417425
158227
163881
95602
162648
104129
97095
90714
40992
57000
75095
418688
91956
166596
155540
195064
67760
78955
156963
248891
172839
74526
22279
65169
184696
171566
238615
263035
152457
40459
412257
255807
193950
88542
202086
27990
27838
171107
166711
78495
241811
240025
59959
247410
84225
78814
172277
185474
48005
257990
74057
182422
250212
66162
258123
192630
89936
160467
84662
95036
33653
80197
93047
195850
193371
95621
83326
241854
2429
25824
73799
421275
100789
169140
39674
243
195252
193921
291431
59179
195123
73982
79240
151780
191351
98096
75091
94251
251850
106361
56333
14359
102381
31362
257225
239368
1388
66478
251827
182068
10364
180491
158634
402372
417384
67103
4162
619600
201149
79490
77109
250723
81861
24187
249720
98934
191304
30561
78135
245498
51732
197861
153077
237889
171590
6271
248892
30868
36151
68067
97943
50036
95639
78129
150445
188727
98893
251858
31298
250793
195239
84667
94760
92561
65672
51790
88128
27203
100309
195594
164667
84583
195394
50471
89302
29247
259071
98475
158740
162160
104862
413107
260866
195251
418096
433236
290811
69791
430697
391475
195398
194977
171114
9150
66730
230036
51426
50898
165061
184590
98087
59582
605634
21929
171533
30740
90056
163861
184593
43240
24152
13326
190698
416919
86357
153419
380184
10113
154778
157531
7789
29115
23851
41772
259144
104393
4812
168115
151770
56505
169546
87947
53358
74908
172834
69191
90174
422533
53424
78559
152036
429734
6270
237910
623975
159281
97940
98025
181510
22031
68167
31985
188753
170147
23332
169756
100549
78827
195181
173050
248168
291300
171121
191896
153760
54812
65968
1050
68252
710036
21116
63637
16277
169547
41002
155560
202350
185475
171116
259238
425660
159796
241482
413111
5306
291545
190435
171242
1619
35093
616416
67099
66253
65153
24662
188293
169866
85398
427047
193315
71687
80033
246967
27366
92577
109708
23644
81943
170151
432201
36562
155761
73743
240198
2295
153246
245937
33651
102990
31724
67348
158672
628955
80339
60372
36206
188983
197006
58862
622460
154525
75371
68238
90321
280125
97620
180008
243407
422548
151768
431352
31377
162646
150655
424583
65263
410992
412778
60840
4237
195591
290808
250867
106043
258131
241413
9640
202904
71952
50625
91471
167427
290908
410239
257331
77102
430575
56189
91293
416918
37406
91961
181859
9715
32742
619629
257376
62683
430574
263099
80224
72305
202783
40583
247821
84593
84755
95916
52548
189970
95482
189911
241802
75633
60597
197221
63716
161342
416909
33726
236348
238113
189365
236257
31677
67147
58454
182021
50518
99489
169095
52852
69596
2109
185906
35137
172656
155495
162180
155183
39231
189614
261174
201369
429407
230344
69490
33637
39832
39467
189932
98898
36548
250912
94424
85355
290121
169156
73217
9549
251562
429405
252423
41421
161950
71804
72042
99533
241419
418601
616281
71899
22278
68998
2276
616354
246904
193501
105208
158064
99290
624
63462
6073
49772
185501
4534
158217
73043
56301
73977
158743
170914
291104
181043
50591
243725
433307
87982
54465
90717
188833
39614
154145
238623
90669
109701
102010
173049
200130
81459
2043
87563
248187
159295
161949
616189
245806
629116
182424
84376
153751
78407
92986
26841
245121
66855
100102
65665
152208
51659
75999
159423
95322
51573
158063
80851
245021
240015
180817
90323
201361
186218
55284
56346
90703
48154
59581
23854
71631
150233
190571
50493
76653
183870
421902
257231
255578
23363
159288
236332
93323
40994
188622
93726
155443
241805
11801
417680
51737
247642
43425
85705
159728
634618
156490
89945
169482
433242
79113
96939
75390
79233
84462
39416
75316
71845
417962
264479
418258
90662
91691
238619
413499
419226
164434
150464
153685
194768
230508
98023
105172
154759
38406
195857
27497
158062
414260
640953
33658
600485
290992
33505
380383
157533
241237
40564
65618
86712
198611
33758
87207
291928
94610
291002
88502
77101
32626
164285
257526
14388
74614
415883
243415
97070
619196
606235
194749
38442
237063
419807
243414
160865
155637
259824
75711
188787
97936
254061
80248
170946
238616
50311
160647
246447
257051
89690
159804
73564
257181
174612
51596
50026
162182
433245
258057
194431
84591
410097
415566
91439
251941
261689
247799
413109
28647
240328
167400
78856
82911
83952
82423
192369
190434
290125
4208
258026
87560
616277
153421
75325
29222
72942
163927
407957
431008
63606
30373
261624
202016
189921
199183
80146
67739
195758
261400
252144
96872
39182
30529
230388
40315
251026
20523
41267
77592
52037
59808
237247
98897
58024
433457
43718
55834
163858
241869
72029
185371
170322
258143
186220
38386
248190
16826
173503
173451
37239
259334
27349
86758
51694
631709
63224
281081
189647
51681
89459
71147
67763
75156
202769
238000
625663
252322
415027
84758
419798
99758
249089
84320
90049
55479
27150
241475
78123
157957
152207
24505
35119
39596
202125
624184
261644
193560
77419
608269
40139
158050
88794
85522
248888
85356
183812
40766
428098
184592
153747
98902
190770
189628
34926
90135
155282
261851
151517
248921
154941
261846
160646
62937
56552
193634
27836
151508
241003
