248139
51619
261771
161808
54605
36148
33982
153730
192597
64708
189365
408569
60967
91574
633213
98811
29443
40051
36341
248559
427458
81868
88543
2108
71149
69724
154160
108093
169156
182554
36156
40912
423442
410144
65039
1127
171498
30615
237112
400465
164142
13424
42057
191521
151516
170294
196329
59959
59765
618714
86633
262045
150445
154090
249066
428512
85622
89348
161146
243409
15308
156579
168859
31289
40315
71288
189911
259158
40093
169158
68873
74056
69894
193893
425444
44757
257334
28122
90720
195396
72582
166651
42675
44517
2471
66476
171106
290130
8040
246662
155563
78153
80283
95479
30018
280126
600486
88055
29541
164451
28671
98781
150540
150973
248882
24945
9148
262624
636880
197373
97097
194333
162759
150645
67819
58003
89445
74759
31508
174642
54223
169482
194337
426371
249098
241482
628955
66160
56345
68338
236145
186534
16511
90650
182389
51691
53754
62111
263031
415886
59743
4810
170227
79317
421950
2767
2182
163883
250619
40313
236045
90178
60396
37409
67071
415889
238952
261689
241244
290455
91170
100728
202352
188423
36545
52348
40508
87522
73648
161258
409561
95127
72823
37404
97071
88378
80021
9355
157879
280301
90450
250832
96955
71256
196132
155444
55562
186860
180464
253193
238113
87213
74663
429207
16955
193316
44714
104380
280119
9175
249722
10122
90448
85402
156366
80845
422884
170862
62191
291301
196115
193917
187928
431008
88952
174567
193509
421272
165063
237113
26588
85701
55831
23683
180372
26963
82306
628489
252144
24506
10510
35573
93456
72579
1719
94608
39611
27480
9980
54917
414260
67330
157965
22076
191122
34388
90648
4812
240198
169138
50025
243417
72504
77582
24541
183749
85605
172078
230316
84808
189374
153346
413104
238635
22215
246967
108978
419799
55589
238550
80341
155771
93636
156535
105922
71895
251500
251490
62098
602228
173971
68936
39473
422794
9636
168143
196118
59831
93945
78409
86307
40129
69356
246358
260182
2376
69890
79240
250625
63281
84463
65494
91338
96192
28899
85400
187783
248056
182789
188295
98467
158063
261759
419804
165775
290125
53656
39691
252608
89944
79918
251136
156409
190347
158704
432208
42012
180039
65368
109342
180373
98050
259622
416810
33876
84968
43517
188940
39163
194748
238001
78125
290765
32627
241854
72418
159295
433245
164006
65988
169231
93906
249090
195169
13023
78496
259350
90507
171833
185541
180460
157645
257382
27368
187926
78572
236330
100622
95072
182066
260470
254059
238048
243412
66255
150470
193297
251140
74039
96975
241001
84452
157642
194245
419228
78581
290626
257381
56343
244302
72061
50048
291631
35693
75100
164233
40751
261820
409578
236046
172655
196117
605385
72149
50815
246313
41141
245540
169144
246964
51425
180276
155231
153761
92576
86169
93256
15456
194345
161002
53800
66478
98797
261560
163419
409647
246014
79989
237162
192362
33920
162644
99056
75508
615454
90649
37410
174318
68938
5299
155187
72678
75710
86816
9863
89442
73231
94632
29250
98428
72036
252426
50047
201246
188358
247726
54878
9548
61026
167429
628947
257338
200258
190431
93629
250401
194092
97403
180032
183117
72322
241811
78730
832
164005
5060
59957
172379
182378
55485
239774
171543
56330
253266
237191
76011
254166
94600
163860
629148
78812
430977
158051
84754
74677
602453
16823
254071
152453
5591
40474
13020
30263
193371
59555
71951
246255
291283
15368
9007
156616
291333
202548
24686
24662
40030
36560
238005
243929
180462
56499
98807
182422
69490
86926
230441
607038
251692
195124
171959
10438
27128
102356
188366
99291
170164
96974
159733
173337
184330
413501
759462
15307
94888
254308
658980
2381
59761
98022
83339
41327
105510
290762
73277
31376
195346
40929
78686
40567
173392
616189
73722
189923
253208
433241
240669
236262
417298
605381
157560
193313
76440
22221
98890
80521
249911
74514
84589
84459
625663
26307
257155
74991
75209
98818
241163
96169
91819
8195
184331
404694
58749
241162
4681
162648
657616
258136
254068
99053
153246
184588
91339
81217
106322
50027
257174
62691
51427
180535
67215
49549
189873
80969
412048
66245
44516
1050
161648
108406
68363
24901
58150
155636
50595
161424
163801
40566
54817
248176
68129
412667
25024
193311
73923
97460
261685
421376
247050
263033
409853
260560
180839
402173
161356
164667
171545
420139
100510
247524
416927
88553
78876
72581
103910
93421
429190
69299
248601
75673
16428
90322
37262
657720
3909
171242
54385
36280
237967
263106
156498
14162
165285
94616
87987
120
51132
185294
188753
1841
80218
187804
107394
290758
195845
165770
195249
180027
98879
173682
69298
247243
52054
84321
187429
55749
290456
172525
2133
80385
90064
260925
73810
74995
72716
50566
29247
68252
99630
196113
191326
153227
184754
426374
155773
258921
78115
173131
109704
188802
82744
161423
39673
26582
65867
79474
152035
65265
256319
63715
202353
82420
289
55294
188936
65503
40138
97898
166134
191557
64791
185474
84667
156230
98096
415566
180374
108075
154352
186651
239580
201753
202019
248602
291639
51682
187909
34046
188834
238115
261758
153758
193639
415715
27369
57069
30530
189647
261762
249104
61782
260198
236268
90132
87612
81412
156531
155910
158019
249078
97473
52785
74332
9080
63570
10172
430973
237968
63716
291282
155276
5600
100102
81942
152656
1879
55591
52852
248598
80051
413086
201796
58708
155770
27417
62394
72097
161389
89464
423443
1051
11269
180119
391133
241822
153344
411026
230331
201451
186952
88724
153259
160888
247235
72079
75398
167905
98881
41402
98047
429404
94342
198787
170166
248572
76087
290812
31832
89347
32624
49759
189580
189796
161346
65800
192348
247727
200827
193500
151498
181860
78020
254069
416714
240667
22279
621651
169935
152220
161643
65502
87992
59196
280549
56540
91261
258129
380184
10197
90483
55661
23849
433185
41754
161388
161807
69646
34365
621325
50271
188727
96111
90436
259624
416915
251826
33927
430556
78312
60620
94761
159673
1360
74629
32037
35537
153736
170147
171588
1341
90679
79086
3056
167703
165286
99629
182391
93252
417694
28891
152458
290117
152112
164765
422397
172298
78861
10113
257377
190536
58868
414381
10179
430972
257329
619600
33594
69952
2996
76867
188984
201785
183960
98885
423582
161861
248894
628342
158854
250864
259437
9625
421917
152877
98883
7941
153126
170297
69892
170152
181125
65626
415294
55631
153511
248684
154350
80921
69567
156536
192857
92396
183962
36600
240920
230333
152346
71449
90372
171113
16277
37302
78143
41006
102712
193993
97070
108994
67993
195241
425440
26845
261586
153969
196111
201210
238755
72112
24486
15336
69423
200532
198586
172839
161572
75206
627393
258855
237970
240477
51428
184587
251589
241161
40873
65991
54268
173344
153056
32053
416812
413108
187615
239782
7788
156580
182071
65992
50623
156466
427042
38441
59744
250907
36572
159234
107574
61022
90729
625376
187618
237805
87329
43619
77330
78808
93902
66879
248892
71630
72775
241158
760017
410097
290908
193859
84466
759445
83659
73795
153808
187921
14122
53335
27649
152038
151748
174379
280551
166545
75965
82608
156493
81499
155719
245541
81359
10439
68266
157314
195028
52749
196284
248170
71023
258118
43199
253479
24951
159291
258112
71894
248893
604514
194600
40678
190198
89940
239766
201149
188730
42071
192340
261044
413500
169756
170293
85210
433336
239627
90484
251452
153421
248187
66321
21115
189592
36425
154145
31373
23441
253422
77103
414264
81526
51613
241815
248171
95956
264191
162008
15800
158745
413699
416917
41209
628907
155907
237404
241155
36309
193511
163732
195760
291636
246217
91286
257526
9566
251139
165803
49772
44494
261719
110042
431388
72031
81496
246400
600175
188623
2472
71191
55475
72096
54404
236348
154820
93392
52490
5152
55559
40679
238625
193561
182931
80871
27717
23682
98493
93391
103434
37078
246517
198625
252373
195858
251941
280322
421373
93457
14394
163423
33727
196119
250275
159021
259162
280118
88315
78582
25567
95459
108615
40057
253675
644866
86740
162782
280003
153463
36256
7789
247639
201472
161864
83839
255853
171463
159798
84131
67757
252134
200130
59808
192594
57036
73815
245808
41189
628494
165778
50296
82930
4075
95615
80873
54574
72074
248608
24193
161004
241872
198765
238621
87216
174575
23929
430602
622
15583
194137
202501
258110
79396
50162
82920
64999
79400
78057
1023
420509
55473
241818
49566
74333
51998
41997
84662
431038
290756
36522
257714
431393
257215
180059
9254
280418
150095
411820
245370
196228
96943
155720
79231
239223
56349
68119
165666
409832
247327
81216
29195
43240
181470
260856
250575
93434
80671
69437
188833
249105
78571
248563
93631
239165
94016
29197
100864
412047
169153
157880
252129
94757
241485
40056
237193
170776
2449
259159
162175
66242
193499
75409
409929
158744
188321
196120
98774
91829
173731
68934
62874
26268
259070
163389
71884
421545
66238
156091
5260
188372
78021
21941
185709
238619
237674
41352
26787
189807
257162
32054
262062
12173
160318
150464
9442
194975
81076
200472
165062
73735
78138
95052
248178
71631
156310
168141
259075
417037
153685
104196
244042
165777
83942
237417
86774
159804
257990
98286
73973
85512
19069
642192
98775
72030
30854
71891
95478
194334
75908
23447
71888
238639
36298
28650
291545
79327
257050
158067
611670
202756
91708
155909
250840
170123
45816
239826
80588
152348
30015
86643
89045
182383
51909
426588
158506
107605
188751
49648
15862
171120
74611
41816
415064
157836
4669
251389
627394
158717
23854
170303
257710
99489
415812
418130
153099
257712
158667
89977
251492
95482
44754
90674
173684
41144
195435
51206
108975
71633
421549
81373
164229
75671
252597
247409
196892
90173
197664
416919
78816
238617
74772
96773
200256
158060
166827
93253
170690
76279
202941
606237
16
6287
72210
168501
182773
79326
130010
193502
63042
195243
169725
291104
248561
83902
78126
14337
248236
248614
89397
90172
249100
84517
237753
26848
427049
240857
182891
66162
60399
202654
5081
415714
7940
245072
230460
65664
238631
183969
78405
56434
93317
63220
23614
195172
72774
8750
195853
183687
83851
659553
246887
162728
153722
181654
616187
153719
24533
93502
55649
155303
247786
83338
248175
418501
166526
246356
87783
159728
85621
246976
71771
94870
171531
84809
238748
164439
71679
86308
99759
161537
91396
160699
245850
2446
416885
12962
428505
194336
291944
50904
230147
57038
41290
167428
40412
183732
5337
191408
68714
41203
161855
240014
66100
202517
237848
93455
281757
259035
54855
87530
94597
77299
188157
50289
173064
94602
163390
433183
39164
23458
77073
94391
188791
252699
152797
10255
67571
252366
78140
201587
32560
109377
259140
163429
157351
9818
155762
253880
97943
248179
413107
246999
166989
41271
409655
71680
413498
87850
79386
56344
72640
251562
243848
249068
163387
241241
51895
152460
170907
251474
155772
88264
80245
23769
94872
170882
76152
95626
257156
169160
280553
185477
213
152397
53358
67759
64731
159767
190494
183811
89608
86357
413823
198780
40927
409796
252323
53240
194434
193931
153721
161987
54314
429179
75624
412780
76014
173974
164231
1432
87214
72032
15577
280693
94964
259069
615220
47121
190571
418692
251498
188622
97904
51396
92577
249094
190575
98599
150976
80077
62671
33603
37300
429472
167741
190572
182920
100517
237748
159425
627389
62358
170146
41732
238488
431822
80219
16755
26759
56189
73972
39693
23439
15313
86170
73660
25
238636
628841
235756
93428
158372
69461
72072
15733
260589
33758
182374
160453
202549
23446
102072
258692
9523
167906
626999
240092
67621
158163
98961
250195
423608
57660
56351
24544
154716
280825
194774
183636
164547
150395
240012
28646
88532
51667
158688
259861
51135
150131
82634
109323
248173
79646
100787
200862
81205
245024
185475
30561
258140
69191
98474
418691
77294
96170
152245
71019
290909
280548
237927
161323
79022
55694
186777
60563
42980
193432
85706
93743
290421
165816
81107
51620
859
15438
100290
98285
290377
413495
71474
280879
100258
130415
39832
81654
622452
54877
108001
56333
90321
88521
14387
261550
158068
606979
71214
159808
71805
240775
150239
96746
86293
95318
36002
55442
29047
258691
33899
98977
245494
616304
40886
20731
39596
52036
104898
186726
78121
30863
43799
243864
189531
265179
9640
171404
79113
168142
39185
71950
83593
109545
173068
431390
87873
92902
431512
2729
153462
182425
171237
432206
40928
159794
81305
91745
201475
169612
85699
243411
158713
260858
28545
26308
30850
91439
195848
258146
65982
59195
43230
202304
69637
94607
244300
416886
73055
244301
160150
107649
29350
44755
97970
659405
167995
415606
152114
198005
163439
247091
186862
252166
605634
28557
90711
2093
409623
77691
83270
34316
24187
159806
159198
230345
16592
153810
413251
192587
40994
186220
33596
36169
92394
230330
43520
33626
75099
93964
58933
77714
62873
97616
240858
80623
90667
9234
157533
91171
187907
81066
5985
624022
153737
166710
33655
163931
260924
75098
161772
78136
251565
245937
632069
83269
188624
100420
432040
239220
58733
201013
20721
174613
5090
195436
262621
190954
240006
611409
2243
27329
63157
153250
90055
92492
425682
245807
61216
153936
79920
170464
188550
62872
180404
75093
56500
87217
80148
153347
24545
98163
89905
97937
68431
74606
262228
182375
250863
84815
8751
83944
35267
151518
194769
280849
161857
75173
240046
64974
33600
86224
422533
164633
290989
55483
159293
202784
43667
56339
88542
61700
39407
72560
102353
250867
78859
78413
154153
164437
100174
202746
27948
66477
55482
24487
87114
241159
94636
78052
258119
73255
55707
25582
74622
106781
261605
202351
68068
432205
410000
184976
257379
417691
243377
84646
92391
159288
80197
63589
25681
172642
90675
62312
415811
247328
168856
161692
425109
154316
51397
110750
67518
66725
49720
159312
36473
246966
156015
73687
182936
150241
163391
55478
27819
185242
153342
414388
172793
413207
53103
49551
200307
169432
76164
27680
150208
95323
50175
201456
96060
50628
249158
35692
161154
96173
171115
169699
400222
40564
94254
89607
62196
94631
612316
192501
241799
180405
155230
391132
413391
94615
258150
415883
153968
170298
25566
422341
158870
76782
645054
89349
194343
83324
418645
162729
77088
152217
192807
96165
201278
54815
422389
159233
33647
290123
72076
415888
202769
69664
168887
194339
51737
237576
291327
63474
154686
169095
165815
66408
192364
22055
170154
165933
182934
95273
9079
160088
159766
63462
249997
290983
60561
30864
95314
168383
50215
411276
87887
55467
92536
642934
67025
88139
60643
904
158230
21934
96166
93627
73600
68750
98277
167378
79524
98617
44670
243645
80282
169842
20015
251847
156017
37323
261644
246403
44863
168139
26517
249320
247725
71289
157431
98784
94573
41188
192592
251318
171353
93363
48208
250843
188294
81108
5986
69024
43420
257216
31637
40511
66118
171598
65340
251385
39189
197157
241481
169934
66345
40965
170160
37308
76976
4206
10035
162779
156688
66133
290985
86509
32549
98812
290128
410090
173977
172147
79793
167739
170913
41268
413824
184318
800
150446
194430
184973
27839
161387
98882
155181
291284
281083
86715
245092
153742
158223
85520
414396
244077
159289
68612
84588
75377
188728
84811
172209
71861
163440
96976
16435
153895
195847
24194
93983
419631
66410
16127
417688
259260
35637
161422
253061
100529
261549
95128
244041
84971
74626
33928
40465
63461
76038
616491
63038
291632
68956
197221
87790
416911
89093
248075
238633
39288
156533
15310
165114
248682
54388
73791
93938
43569
16640
650059
246011
247049
420475
52633
34047
199183
290281
152207
162929
201213
43229
241156
235988
250865
93316
80248
28133
193292
93726
252390
74907
58862
190117
106482
153752
194379
616261
80589
242280
157957
83282
413497
9145
66851
157531
24828
87110
183965
154758
173730
42535
88547
188323
28132
163939
41398
249910
244143
170585
172095
414379
85514
420846
73604
162169
99806
39438
158857
430604
23846
186555
74997
74003
86818
6249
24507
82929
290
166709
93588
28466
200972
412777
36083
90134
85360
6271
14316
261021
183788
194765
162007
183700
87870
248547
416815
52631
188357
186455
253318
417687
187911
185713
426125
23529
417704
251486
86175
81498
619629
51690
623975
182932
100570
96417
258026
71431
94421
74619
251024
99720
79422
28648
190574
156437
432904
187878
65487
66852
629308
191519
50849
66104
258127
257285
249077
20154
257380
261810
83854
248048
259164
153760
161428
245653
16811
56363
172306
94604
54816
170162
165771
99547
620301
195397
26468
628903
187920
48178
78150
257051
89345
68960
419626
51488
157643
65666
39957
188793
423107
62084
39415
606363
31112
200133
33826
160470
67568
240817
161432
78137
433311
409854
252047
164434
34052
63288
172279
185583
197818
80033
107808
418600
249110
52033
50903
98170
163733
84461
158055
90199
90716
153108
193315
158221
96856
33591
246042
78118
86914
166495
248889
414391
249075
248621
24145
418967
41024
82748
259347
86025
53241
92390
158715
85620
181043
28480
186776
24941
249999
192365
62225
169423
41038
108193
22054
30868
50802
238638
413099
158668
81113
85318
185912
39827
70055
155179
158053
251142
188754
247801
151511
81992
103939
161342
418601
238763
258139
202348
150207
22381
190489
58735
56301
422396
93943
237766
259948
160436
68265
411023
244304
41936
94954
252424
162159
28645
69170
159926
16066
151197
94339
159693
246575
16927
158706
202946
104393
239721
78281
201445
97069
34203
280108
157400
23708
191849
92220
29540
197523
98087
172302
172077
247407
160599
410239
78120
84677
415605
158665
97088
71147
152470
35137
173237
160646
91062
198611
600485
187517
153260
411476
153223
167009
191125
90662
11263
260026
433086
170159
53118
55465
93987
158720
169159
81109
248132
42774
430751
153729
75676
642091
190743
252126
32002
80034
23965
90175
259824
172309
416925
410958
39467
154728
194764
431370
197901
56133
202850
5324
37408
187882
99633
251487
165169
174088
5306
192504
97589
33872
197860
248562
163437
261606
22073
246410
28644
152113
94457
400786
188
195519
2295
158676
56538
160173
56337
190493
79202
75270
159797
161351
158686
44719
8754
97158
52037
27035
78864
759461
250866
41193
1388
27946
55476
73788
252325
163281
61701
51157
63225
31985
157313
421190
190490
253586
108048
57875
81364
161127
240404
430821
154412
158723
260195
75626
201362
105172
190650
433232
41140
172090
418685
28006
94603
83865
410866
420155
198384
163927
197820
423441
89985
265180
99455
194433
261530
159395
616385
29241
173787
78709
80229
50580
245308
24870
259003
259355
193995
55470
35572
55468
191848
237115
55725
239222
93984
43676
628478
200259
156593
55558
415957
174574
169544
110748
74504
185712
21936
257376
97555
84450
251849
169139
56412
169146
201636
39228
40948
261223
252596
27400
61024
652896
110314
195863
187880
35268
94253
50622
161005
108872
260860
244746
194138
4811
107538
99057
59926
290992
171111
201012
150094
66736
150777
27816
153349
417301
406532
36355
86762
263062
61752
42473
169145
63506
193950
104861
91379
51695
87230
202522
251141
172093
94892
245495
411795
153909
4208
198778
84885
417676
616200
83389
150113
414386
414371
151496
30237
280547
248808
71949
189932
189800
83458
237930
82633
93321
50275
230332
104070
173789
250845
245498
172091
260472
246781
54055
172843
25823
411804
250796
35691
70028
150394
183085
412045
616292
161734
56504
185929
230346
90174
255854
40507
59764
2181
50726
151769
74706
240206
168980
28159
190698
82406
152451
195851
240816
434621
196053
247408
70024
159697
48140
261926
258125
171114
107850
163279
71896
35670
9522
4067
56964
62285
154076
27305
55068
33897
251858
290986
38140
5610
154942
97782
73796
153060
97386
90200
230344
262934
14000
191327
24213
91285
420428
626749
163484
72305
11259
153348
24205
81831
96164
94017
77296
237461
192596
26041
158708
230103
413340
152212
247534
260857
159236
110730
39227
54465
158222
153419
66735
243656
63221
248678
241823
91785
183634
241814
89840
261138
86673
243947
252327
84767
50295
158694
197861
95413
249047
40307
99721
76928
187995
262060
91471
166653
249129
659561
91803
257386
15698
82422
163731
72014
60926
261682
9567
66262
657600
194643
32740
26228
65984
30899
168161
95602
180008
202961
187612
64998
182371
194344
280105
82746
425442
158101
241821
191556
188159
1937
163388
23856
154388
53292
153688
82407
413539
182923
153245
65801
159018
265592
165261
187879
78813
159294
79388
68411
50378
159023
90665
86936
166920
108099
67405
52623
417683
51470
181262
107216
619730
160945
67989
249723
248000
98056
74660
166918
241157
172840
94518
243863
62667
44761
191140
153241
263105
44723
250094
289986
91960
190535
163145
39905
37052
9635
66065
98798
151768
81322
85625
152468
55486
79391
237424
89443
418947
164432
190001
192360
151497
174046
84655
82915
290327
600286
262857
51735
38232
80799
57243
76167
194734
90176
167948
243
168595
154158
79927
98095
20214
88668
422618
80387
391189
77295
98813
158958
158162
151500
158669
53802
259424
97079
33929
26195
167159
27402
163879
237402
241800
78114
59762
153404
173750
247048
163308
259354
89446
172300
75672
154349
253194
230264
237144
162180
32558
258134
167392
240815
35669
413697
185368
192356
28651
79263
261547
29393
27366
84561
172437
252391
419226
189912
414602
418689
253549
193646
98886
62195
90673
93543
259023
84967
98547
88445
235900
238495
198584
17018
241813
67097
239299
238551
44349
72211
75646
185612
72859
92042
407958
159024
8177
30748
192595
163277
247729
9633
73503
258138
69171
16655
433456
185933
158232
170775
193920
99051
605632
54810
260865
99368
163488
100099
193294
246234
74679
635099
80246
56324
153398
98097
79158
110082
80458
241407
290978
290131
153510
162730
236758
156295
656879
193501
202944
2088
161007
28079
163395
55491
188851
250539
75368
171749
404779
201745
191542
161018
260854
58633
72048
38295
417700
240188
170910
108783
261607
89939
187913
50197
191119
163280
380356
99054
183748
153025
249950
190346
420154
64711
191351
71832
249079
33874
73052
249074
236589
99457
93907
54367
69112
166493
169753
19022
170623
195180
50311
35495
193293
71686
261220
260855
52285
24504
87784
627105
97618
97014
42497
415602
110081
72094
433457
22177
86941
418090
174378
380483
1001
416928
81941
193633
15490
2429
414350
160657
77704
247787
51897
24769
613700
259947
202744
162396
88727
66734
63098
63658
158860
249976
49521
43718
246001
430574
89032
42962
85211
153072
89056
407877
154759
421275
188653
52537
40583
97944
107543
74366
261846
97590
66480
156092
172836
245121
81483
105544
186454
159044
87115
153240
29222
250795
100219
156584
20596
195237
196893
4147
416711
416924
102351
84972
2185
40199
110318
281041
415303
58751
78053
192351
9524
422380
4680
200129
245794
96172
167999
80337
415950
256219
419802
55319
52043
62113
78146
193309
290283
109012
55479
165308
104654
182426
85209
55033
45823
154162
72070
259343
257388
33592
153686
68715
433184
11267
153747
180038
196325
55489
166133
249909
92911
245654
202962
155908
171542
79332
187428
153397
260923
85773
100552
180841
169866
198525
430132
616445
68301
251026
65618
152260
414392
41316
250797
100309
405959
75299
409856
168053
72078
93961
67106
189927
9936
31085
422795
152248
158567
73798
97080
67005
89301
28465
193503
201212
31345
194815
250486
41186
33502
51665
240328
195166
74910
193892
93429
421277
281082
93687
41145
202017
249069
96108
11550
74958
156438
425441
96163
86156
65037
185539
59614
109700
257165
69017
171541
162491
50895
51733
71989
26042
26269
43451
421276
64902
86927
86158
65266
246372
14359
258839
71789
415050
73053
258144
170625
192368
36082
152329
237406
60176
33648
166712
23857
13021
67739
417699
250627
37254
21939
432042
190986
171889
186196
194431
82423
94420
192979
193506
254060
52347
189202
23522
73275
247240
241414
81372
2997
93393
195500
170150
24472
188356
634631
91957
68958
96522
63605
66063
194640
80146
250540
291928
29248
156232
95315
78148
69435
417695
429761
41267
247302
186954
81358
416357
1361
152488
183231
168145
62260
36146
251488
59770
171830
11273
58720
96956
30903
98579
162406
73564
24531
74915
152214
166058
429907
20945
33981
155019
93985
159801
99478
247520
291635
54865
65733
433594
85713
41269
94392
203008
238751
69339
79328
181044
67653
102359
239166
192184
185243
428098
88904
407803
185501
29509
89726
291105
154142
195518
173900
33898
65731
258120
170149
157646
59769
194973
259353
94393
198288
411803
423444
162592
252620
172308
155030
417702
80846
34329
87872
102918
16394
425122
36135
253879
163442
33983
65993
85604
161860
189364
154086
263100
26410
409611
184329
156982
28249
158220
55525
86757
425123
172084
150118
93908
412495
606424
94612
198269
415884
66743
91169
173890
173340
1457
51910
109136
414179
29235
169700
98896
99340
39834
158962
98776
78149
152455
50290
259001
9077
87988
241938
155394
74090
202696
84810
83595
150813
55484
260606
418413
158961
99563
250836
8415
419227
84467
256677
27765
23848
71777
261643
90181
173170
86353
262059
421959
238338
430681
88909
189342
257231
248578
634618
69897
65263
193317
50491
93382
39895
429727
52113
105208
237965
422804
189921
90131
631709
182935
88469
98975
151734
4679
52431
164285
88138
84755
33589
24393
9605
156537
78391
155322
420476
26945
194974
85349
62275
241802
248680
36562
40794
97096
254451
250724
30390
174445
92795
185245
257391
257219
108764
15837
189970
59584
258450
25787
245513
62396
251479
168362
25724
188370
72269
193306
84592
416929
93489
237420
257797
96185
2276
95053
166567
161421
230348
153970
248805
237413
81365
251566
79233
55487
194817
426406
41314
158180
72942
44391
79325
2750
240013
605665
616277
84973
245293
280106
237558
162593
260535
76927
84585
62040
203176
39240
30692
195971
612194
251015
158664
193562
280390
57037
291311
69612
192355
86168
152467
167404
77678
188789
100839
165454
41895
98214
241003
90509
28508
195794
89350
97552
240037
201279
14236
280123
86155
36574
80522
84983
167156
53798
105167
421716
105162
8406
63496
102045
90668
77591
186989
22207
157333
97201
431358
83658
9714
168114
187692
32742
65507
71287
251886
258843
246931
180036
154385
68412
168749
162101
11803
110312
96561
96193
180406
158701
9626
168999
246211
248182
230507
615610
51158
89934
153174
23101
291126
91239
44395
247002
414163
27204
81301
5070
68125
67994
181315
15749
163878
241154
100731
50894
170912
41111
162176
174444
169752
20400
35272
51880
202016
170584
239769
73963
97617
78400
423306
69896
2840
89907
159290
2448
42961
433370
160060
241809
197001
79230
170628
194644
159795
169165
192369
163427
160161
237139
82928
29242
164546
41351
411075
201045
421193
257233
100545
258838
58978
194976
162177
421628
433247
202356
86909
262756
186779
84135
23223
262933
409716
187912
60397
81208
79922
257335
189797
87731
195265
154730
237063
30272
165368
82313
160096
259860
261715
152454
190396
23855
74283
154154
431352
246498
55464
39336
78181
68473
96854
186861
1625
2043
172834
248050
416920
52542
1286
5336
416713
27990
50006
188322
250621
423252
155029
78854
59749
159807
202947
16572
616361
86276
237412
172831
52938
153244
31372
74676
248560
251384
246225
40673
75126
646586
84647
9693
154724
40473
160648
245154
188369
24156
85513
169151
238637
409449
87120
87752
182933
31138
84759
158684
81925
171535
150314
241870
56801
88644
243413
246041
153756
422797
5048
183841
190688
153125
172144
75531
39831
98053
55509
54068
244521
236974
190344
53388
27498
258153
94343
11144
80878
99775
94519
291630
264479
249087
90676
236260
412376
151841
174171
172282
237578
194377
66731
41191
190225
31175
192353
56342
185906
158674
186272
759650
639951
610353
87429
75352
237675
27306
68167
30740
10052
249067
158679
180026
291615
249091
257395
68182
153402
413111
200476
628485
75011
616260
181754
40993
100149
50518
247003
153500
260926
172089
67147
100823
171539
759652
14242
64787
167405
167702
23107
173751
188788
153340
622458
426095
262859
606257
20805
248149
58748
49663
79921
68634
202747
33659
158673
623991
259348
187927
162958
163565
108763
247522
428060
79390
169546
180370
37367
244241
196328
40932
63646
75298
290458
78556
173050
90681
158226
96061
97159
173339
50489
1000
27994
88343
628476
56437
97478
156495
290987
78017
109138
50590
5279
105936
29115
88793
55490
248888
81861
38419
191559
190434
27152
190636
2801
260584
196286
158018
188798
56347
151903
79385
78766
76611
33729
237176
30862
91958
153744
191843
77057
65038
160289
24536
248167
30093
188964
91053
193154
153723
105756
76168
86634
27921
55518
156492
22274
51596
413698
258690
54867
58560
432270
58652
262936
248277
33561
188363
196330
89525
88520
55663
5632
158568
196327
20215
248172
40582
169751
413984
93586
197227
27661
67763
160886
237888
163930
74004
24326
103158
57384
246520
41198
98026
257116
55630
189551
95817
33994
195852
186783
156530
237174
430970
237065
97633
25821
428778
10009
195345
159205
187915
426405
81919
431957
59741
411218
658001
190693
51389
61193
155763
244040
91103
88666
67023
160059
258141
58311
69791
23644
96167
109718
290994
79000
414378
407957
263768
238339
30891
35138
237408
78856
160159
237962
252324
413696
63341
39828
52544
78130
72194
260556
172365
99628
249951
86291
262426
262446
59958
249103
195586
155182
33656
158741
22009
110021
164634
92034
88794
191847
249065
167046
172377
156489
86165
41421
247412
71430
150092
130021
40350
91572
237963
99758
193645
6270
63675
94011
612013
105432
170168
260022
95876
97459
252421
31377
182380
80249
237282
166599
186215
95788
161693
69625
885
191520
425443
262855
15794
72035
257525
249101
167704
99442
420183
85665
67055
248177
188374
1302
163306
65057
616289
84753
261764
155111
56352
81105
75094
10046
238153
250576
43689
230329
244298
29353
261133
202328
180033
159803
16510
66130
88546
5671
100619
171448
280401
250792
68121
72148
91240
256209
258176
86921
27836
185613
80622
61227
290988
153350
417684
61753
290981
58742
260397
151519
243407
69441
75356
159714
259141
65147
59581
87420
68982
413825
75623
53128
105891
624
27330
97095
99620
73952
85702
80038
201211
94018
166650
261688
636733
81213
245326
156529
94906
252133
280104
157644
68284
158666
24943
59929
162174
187916
88128
94963
30866
63022
414374
39180
240025
71900
31092
4807
230552
71695
50503
98569
39337
241657
50995
202088
240748
14123
86354
253265
33649
170624
96959
84264
250837
160097
85411
5672
83309
16006
79980
198723
39331
9176
417299
158213
60541
93448
51785
417049
84663
5338
252632
169611
170291
96937
180492
409758
252700
236007
52487
426760
759649
20234
261319
159920
16177
203102
195398
96944
201641
195437
59290
91241
291000
5392
98952
73567
248734
67020
15393
409596
31381
616257
54445
45819
169420
415885
68264
246739
189601
94610
159350
41002
431464
183663
153762
173343
74218
68766
201701
172276
639950
33276
35755
80672
9362
65779
238545
27838
429416
61023
72350
252695
250211
85357
236256
91676
60894
85596
78404
44524
71257
248611
158703
77102
154152
190651
250460
21940
258147
161354
82609
97620
426404
80068
80063
107708
195181
253264
83336
72410
247238
23771
161574
78399
628472
86714
63677
417678
55508
60559
89941
433337
104862
156986
253485
89303
158057
14374
183701
201443
152717
415887
94637
257337
258149
24854
81484
429192
38407
41772
74624
237928
415518
67017
247303
35651
193150
43519
235387
380115
160164
245793
195251
10335
91876
38811
191558
237423
90714
427388
261849
72027
246226
158058
78127
291102
66854
69076
75367
83898
88502
65338
67762
71324
28260
255718
164349
27364
845
71437
97462
4533
235898
151506
158740
198761
9076
167919
200460
409928
28030
90722
173732
172024
84816
77298
9570
5304
241160
280320
602043
109708
86212
36453
23804
4640
237999
241869
84580
195395
84258
100620
615718
249949
87476
59740
189622
241419
162806
75374
71337
65058
27370
195745
189922
181859
240665
98954
152209
2296
31361
152796
68120
419808
248632
409735
170861
250538
291945
183731
75678
250793
51911
45821
426096
31390
174551
184592
85007
186214
27767
281136
249419
201446
83954
173973
189930
194816
75361
68169
982
245294
54821
421548
57241
103975
32741
61271
201640
428541
93905
186456
31602
84465
86510
81083
189359
433186
257339
261043
52603
158215
411145
88267
185542
193303
247239
50617
291326
50161
259345
109719
158698
159615
281378
32525
151503
180461
249095
165932
9471
416912
238632
290132
252186
93747
60840
105565
91959
27054
153757
20166
72207
9923
422427
247838
44715
107636
201369
98796
32567
171596
61025
236973
155178
17036
73794
78811
264710
153727
16423
6100
607555
246402
173606
86910
201638
197557
52868
72060
172299
165804
66670
152263
107542
158677
5603
245608
35136
409530
230341
164810
43571
78713
240958
163936
380383
94635
241798
201875
64714
99722
85820
237175
185354
75677
4083
238493
84134
67102
163416
169413
35057
183842
90713
71678
36512
87989
155562
40298
290624
289991
196987
97533
27129
158373
100857
241404
42685
251027
91874
245497
157750
238977
171592
241483
64763
68238
55070
93
59956
253023
290809
260586
230549
9549
184034
24210
417467
94296
82408
160151
195439
107599
155280
251023
26990
84451
195198
433307
30703
167996
163431
172277
246968
248609
186863
69078
628839
82910
163275
173057
9587
416809
174190
110313
4118
245021
249941
108781
50473
173352
413494
163420
71190
30865
261717
56980
182372
98892
159286
100401
253267
290759
85290
161859
20203
250210
167265
162395
620063
432553
11797
259005
5165
189794
50415
432906
168343
63555
2444
69163
169232
43578
74311
167250
249426
88554
68890
417215
169154
34838
248733
65153
193818
151433
75389
228
258156
248169
241661
43742
50620
91692
82118
86205
155226
191841
262840
259168
108976
247799
59582
93903
44716
24254
72717
173788
68300
193916
71802
248623
49553
82607
158743
159020
201361
154938
34051
99624
160890
40046
201363
108297
87112
409501
160468
34330
167430
77599
831
202544
5475
411553
407962
239558
94378
155056
73170
409266
151494
50855
68780
416808
86930
172842
77843
261683
171599
62480
40278
155184
414373
150649
95320
243405
44907
198788
159692
96012
248546
291300
97514
81830
163976
156496
161764
195182
252365
77589
153977
76165
202945
152450
23285
86859
413101
241131
155539
246357
172097
183697
180192
98552
422540
257702
98955
24543
59931
180056
254058
86929
154391
413503
181571
66558
416619
162400
86560
248548
102273
53452
250844
161425
172183
56554
60542
60175
73054
90666
72155
439
201642
73811
22033
249228
75708
166836
180458
22502
157339
252697
16826
102352
74383
170261
35152
193301
241486
81737
79387
63564
13425
99617
9078
417682
154348
52026
413112
249093
252368
198633
87528
166677
96103
170304
25576
80140
422259
77592
167684
1278
154725
77584
152218
418091
174322
245934
80220
38229
167157
2460
67320
257408
44764
68168
169810
237676
66552
251480
82405
83949
158102
163269
159805
31077
248545
10363
24021
103737
189891
75640
189894
258939
2180
81487
110390
15991
78955
16491
74872
100856
85606
249064
23438
414393
250841
83940
187919
202757
408314
152246
191896
86920
162183
76593
198201
37406
180277
188726
154932
68263
424900
97012
151733
71632
180891
72038
240668
98888
63164
33925
158566
423147
108766
153228
160866
250623
40608
153746
759449
170301
616354
35574
236263
253888
247331
166919
291312
158066
173054
96568
102038
73964
40871
75391
427596
32690
26577
72546
259334
161426
62871
24539
27920
246740
246012
56338
152767
35544
65169
201639
616323
60180
153738
96745
191845
237616
184590
83378
238757
280417
78767
251034
90467
27525
30814
264138
9272
240245
252633
427985
2092
31121
163148
43691
251499
71323
238628
235899
173975
90319
56348
173752
195856
421563
68537
83842
130009
97936
241806
50033
290999
67357
63636
56329
86717
83729
25707
92393
71994
22096
172372
151514
99964
162161
185524
59200
4077
52996
257227
173683
151444
235897
15457
24203
27998
96953
82927
259049
51734
34085
169728
21938
189889
426407
97676
9048
237343
56802
160319
91763
166132
151501
280398
65367
158228
84082
87210
9806
252634
413105
412778
154393
1301
16750
230428
193914
70064
84458
171116
162181
252678
153759
28481
34331
48146
169140
84572
171121
41937
76946
186871
88651
96954
97476
110244
56539
236264
81500
80582
88726
158691
181011
24186
163799
418207
41266
417698
162576
291329
42702
158158
189597
53799
230102
415810
96939
172145
167998
409480
94606
151780
44367
616296
85356
170302
4537
652888
9634
281081
249092
247533
161427
241659
1414
25583
91783
159650
150211
81917
41394
31988
60966
11804
158662
88056
84930
71282
169157
10112
72206
102381
187923
39104
80670
292097
198524
243726
51142
240007
182771
409551
55456
419162
163881
44729
73793
240102
198735
230347
261778
31380
248629
202085
247295
202086
73166
172366
80098
174044
91096
415716
238319
195759
238761
167731
27362
409885
81366
180890
59391
74018
87786
39952
188639
155229
291
75326
200870
158663
24502
241845
172082
32509
171169
98809
54812
78827
20863
416926
58731
237945
161003
8134
155712
412257
292070
154914
21114
155823
616488
73603
183964
407752
98140
248615
251477
50570
257384
87529
81921
72073
28250
167742
259623
169042
50565
180840
186218
237750
72095
251137
77588
67006
158166
65465
51301
92335
88263
155277
150922
68593
78406
254201
28504
182433
21117
4809
156490
629117
82982
56643
245849
155386
89386
162382
31369
20211
71939
56552
404696
202998
14395
174554
152252
63495
27547
86925
261020
73792
13326
607808
24195
40967
92221
32038
415707
51896
161360
40413
59920
54819
54064
158721
247241
246447
93439
9463
241807
66243
87231
30373
150775
41313
237519
243946
51409
58930
29249
97477
237964
202597
188729
28558
153386
55695
67622
623536
78814
75392
65627
152264
9319
9150
71845
93319
169150
155321
291331
90718
100862
24174
50034
95916
414559
174644
417690
170300
243378
26068
27399
88144
241424
429208
154933
153971
191522
240021
99085
162732
90680
190573
29390
172833
66039
238196
414259
290764
164431
158227
197859
195165
70027
192182
164080
79126
230508
264192
257394
78144
238750
158640
84519
85040
154163
168734
61362
2009
250626
42516
51391
98934
194467
94015
40170
195123
182898
87562
429189
235902
187918
84453
30815
171029
153933
23714
193919
251845
93973
28483
189576
81482
182079
34923
60618
159730
607358
180843
73217
180810
197338
81485
258122
84705
80117
188704
76554
165231
45822
78986
280400
429725
86277
92392
78123
54420
24201
69895
63657
429397
24538
28179
258154
50854
416923
94890
78408
416321
5297
248603
251478
180028
5074
60538
4691
157397
1548
195356
257711
67319
241810
69588
73705
33627
251567
98024
185923
257504
87990
184593
153078
153230
67227
84462
23241
152210
172792
250908
41934
427870
170151
28377
195859
238978
260697
281456
35694
160953
88928
60416
77590
100615
153724
93116
172280
100548
53793
168420
262553
158049
404695
237290
255577
84593
73021
67024
414162
80879
236257
151510
37106
94874
187914
65065
23852
182424
102358
2010
150096
84175
189648
162179
202964
50273
162165
58207
76969
17056
171565
72006
90326
48137
194506
424583
51731
261766
95322
9270
412561
182035
22398
155183
174189
75097
170035
200657
90678
165910
236267
74850
195450
23145
246401
102032
636729
417962
71420
6011
156258
427051
188801
173452
31113
265063
44762
152795
194749
158196
99346
259076
93207
100549
23847
93633
77586
20748
40947
67351
641377
259161
67404
9888
154756
429180
169143
1964
67592
88327
241848
78147
26310
58713
153754
78665
110041
165113
11806
39685
425581
83419
84137
109431
429182
151732
185540
409272
628487
85663
168113
74523
93325
409833
246093
153975
290376
173453
192357
153743
53322
110393
250622
106706
162167
156500
80143
36204
85410
152257
152457
189555
50798
63239
169545
55462
72065
248188
150097
158725
107576
249080
34277
87785
164169
78152
79910
40279
241656
409930
262678
195064
63013
248190
245291
69142
85614
91337
202467
290280
84817
410158
54243
98895
34452
153211
168998
169937
257728
60562
76415
98402
93900
172369
195595
94599
248114
93742
158719
26063
194772
419797
159426
71830
239151
66124
62890
759452
88959
259479
186782
43516
10181
91380
261867
173451
74909
158312
62668
27988
607560
260565
53023
41004
94613
51342
247839
248606
80887
192858
39234
154157
43568
201160
2582
159712
152128
76859
91225
69596
82404
174191
433236
36559
39848
193151
159424
15439
91130
238749
80520
200506
89352
281601
97997
98814
189461
34100
185822
247411
38233
108643
156963
43038
87564
56592
188797
195861
94019
89110
60152
83950
241812
57690
192990
61270
168342
32550
60506
419841
245022
39130
153726
83728
253268
163885
60174
84225
26309
158056
154480
9092
171544
43425
185904
190348
80673
81945
248148
616192
29544
88237
97077
417384
158671
87477
71202
8405
83003
65339
195204
88054
169163
158863
251028
63659
108888
240015
163394
421271
418908
150344
62110
164442
41786
60173
50272
238305
616422
167578
172285
24534
152466
37307
51404
194243
194664
97781
91946
66729
109363
2309
43464
40606
246311
25822
194374
291562
89947
98795
27817
97336
261558
237966
187731
63673
93898
164636
28251
251843
40485
238626
58747
422264
67766
95035
71628
252326
28479
413496
420822
68268
80776
51390
91530
193302
78410
249096
21937
237809
248891
245071
23710
95402
58680
189559
419800
245275
31636
87431
185587
53406
151507
258271
83953
155668
51738
414389
80883
607558
659106
259068
247051
75910
154387
106808
56815
202047
193113
263032
67753
418693
619232
416807
85615
93635
4682
55662
61027
27992
261718
261552
66409
182069
44717
60207
80223
161950
102056
193994
24488
432905
110080
31723
50174
168855
246965
85623
616262
9026
248180
39619
257387
31638
194738
28732
430466
245307
51666
154159
237401
159799
156385
230313
90135
236266
152253
41005
40471
60514
51893
258130
182021
416814
72484
86854
300277
31568
72818
80402
183088
79473
95450
89687
50494
187273
4534
153937
87735
159014
236276
24540
246043
36513
74623
99081
39597
251143
194763
91820
39907
130019
202905
183116
96174
86166
159017
427635
245866
108974
50898
94760
248886
261222
248552
93491
109793
55284
172841
169141
249169
67072
84361
183770
95563
153333
96190
172146
68935
182922
257161
95037
188158
264139
79490
248610
158065
291325
247000
83852
414558
152216
2994
413184
170656
68957
261964
100530
151948
52725
40483
93844
162000
194770
202697
158218
59766
155993
155768
51790
163273
258057
247530
29283
96872
31378
83267
86759
165774
38293
290126
170568
23962
97472
191329
259851
85953
65508
78407
166892
64795
70030
94618
71515
75079
86817
248189
260310
59894
418257
257225
194736
280760
103347
68127
417038
417969
181469
36031
198585
414385
152462
99625
189607
257175
183301
237246
190491
75914
192338
158064
188292
25373
94762
33658
50754
659562
77087
179
246094
163797
263099
164365
54775
230263
24498
411415
56548
155275
193319
246409
80339
35204
103711
413037
92910
9715
98816
159630
290477
39183
67505
33685
153226
42760
290990
167406
58385
24546
161669
66479
54725
66850
97068
166546
74662
194925
152469
169968
280419
253877
172830
181657
237752
81944
18111
180193
78779
74614
66728
194139
37053
160163
53330
174091
50901
163413
183086
50897
201086
291288
414557
56167
57803
75393
38892
41208
34639
63222
55471
24830
43040
52615
430971
81812
259166
637163
50624
170165
60398
95913
182381
88319
198724
257389
413983
433308
79446
158159
88555
253395
409993
261942
75375
87982
92219
192354
244303
43385
150198
9529
154320
421645
26841
71627
200522
16386
55872
79099
155227
164443
182770
247821
75644
73253
27365
153222
58555
190441
31157
9637
165665
65671
77092
155766
65628
12105
165408
83840
190744
90323
27539
258109
78495
261174
107533
188794
188795
30315
77101
84460
11254
71889
184974
51006
259438
154934
89980
75213
27150
259167
105170
80850
87948
74627
9521
170157
39533
172297
74959
58727
194773
155323
195263
166924
75390
153755
80037
173345
24485
21355
94609
81869
241330
39955
239718
248184
183031
172283
258142
54918
75010
423254
85521
96125
248622
65499
84932
165168
24549
189366
24303
167058
193504
262625
90179
4231
54511
55592
31724
67755
92217
22277
95899
9394
153224
262856
151467
156003
409837
50313
99456
290967
245496
280121
80956
89936
247330
152215
243948
190747
41951
172620
252425
431392
97681
93725
259071
56320
425958
419806
75207
290939
95820
162606
186195
291328
21933
83596
107215
163862
40992
36151
198070
30695
258152
37368
153972
243923
168633
162102
94297
65728
759444
167141
56565
190742
96189
92102
94758
75633
103395
180816
24441
163434
78718
26036
110022
261851
84884
152786
55834
249084
36549
194514
78810
93628
158402
162100
153718
759451
642085
100518
182265
68955
159731
75675
34050
432569
412776
66647
6003
192989
158247
413714
195593
41427
10420
90040
71952
261716
100098
163438
81459
411976
240011
183970
250541
89344
56346
90439
80419
74607
34396
280304
153905
290379
68251
171832
628842
66938
155540
419807
173335
86758
25349
413491
150186
73743
86913
74908
161670
171191
190653
427047
66732
237495
173346
163441
237409
290627
49567
261684
174174
81943
290119
23186
40456
181314
78116
53422
171839
167705
71235
2246
26311
2411
54062
66875
40463
78849
181864
2728
430696
261551
81323
61697
9240
29407
150463
238612
174031
9695
73192
637669
432112
97078
94997
26104
425659
245186
88929
71887
281457
78129
75355
238615
36573
290122
1368
241487
95316
194240
65866
193296
82872
607229
78060
38136
621324
164545
15999
180493
76262
250838
77651
51621
99290
151638
187272
280946
36343
193891
257182
35636
2157
258148
41620
168889
163435
24373
78566
418849
39558
246903
77396
52528
15134
85986
27775
259346
252989
243644
162957
197686
619367
243404
196925
33794
248627
196114
2111
659403
261559
174087
30592
431369
152283
66726
78411
238629
39956
150234
258937
261557
82912
249972
40931
4237
87995
30861
248350
26255
427957
171546
24719
108977
44692
174612
62669
71890
163882
421278
23378
80064
238620
58653
54599
77100
261624
241488
422394
95496
100621
159237
74394
189534
75091
23851
172367
74661
193107
45817
83968
155370
406745
99181
59583
110309
425657
75513
421173
1303
109271
97073
153403
67846
250629
624184
100863
68031
191323
64715
280049
58939
67758
411239
162119
174446
66855
154351
238287
159645
78072
78056
160698
164544
74621
81609
247975
30747
44322
94252
9173
5229
41310
169434
237114
54510
240339
18113
171593
181046
86687
759651
27006
84665
171836
194332
155560
50492
42671
90093
10160
8241
156465
62223
54681
433187
198725
81207
185711
77090
155018
83457
53332
230326
93986
85401
261022
21929
258681
87111
290632
616276
66101
241871
87209
68433
27327
246155
202965
78865
163414
201450
152109
249063
74617
156464
246013
195168
39105
72033
253063
159333
84917
85350
181863
78890
24499
155822
83323
78131
163278
411179
68339
9425
171586
171585
1412
33505
9043
39958
90466
153351
60540
616325
89459
27103
69666
99443
259349
154936
89648
94605
68667
83597
412042
59881
82914
155769
62395
67560
80225
237575
56556
95301
173980
189564
40510
32591
40518
170581
195846
54813
65665
106701
109266
96639
79990
71959
173060
50906
50306
85140
189044
86432
241873
237001
99736
79917
70060
95403
60014
245069
261400
93254
609762
153731
290601
257173
73056
237177
622460
236637
27741
251145
193670
153714
411481
262860
98808
238306
87211
79411
4639
411238
73962
64752
93727
99479
194482
198449
62988
251651
172281
173066
6166
79475
68647
95625
100393
84929
78139
606971
200131
417697
9143
83947
184589
251484
15981
96771
168891
1920
238953
627457
6006
184594
91822
433239
98188
93587
183961
155368
77919
71213
241243
15638
152255
82913
68764
81832
419664
164436
257222
84758
426370
107528
243376
248353
247525
158687
85179
153716
86642
247410
159865
39231
80149
80403
248168
600562
249082
67095
170768
30704
79538
7221
163412
189847
109701
103620
640953
196116
432380
49760
80410
193915
163271
54814
257770
194639
43421
5987
15734
237946
78313
57911
90465
188799
91956
165411
66667
404479
89300
174138
241337
35772
249635
427389
50911
9466
193304
643739
258151
96195
238118
36523
74625
43709
2709
96936
88958
31033
249634
5594
53218
157399
99306
55466
161852
2156
168341
71095
158707
419625
410709
86040
61021
411204
4146
23144
608269
417680
8055
420370
251856
89942
191350
23712
40464
58957
192980
5601
151826
75102
189166
192361
413098
38286
87871
39521
183768
237192
163909
88446
655768
60372
172278
50900
153748
100544
16462
51208
243646
195344
66669
26747
189543
189896
252131
93632
92913
40476
201277
102758
60178
616416
291161
428745
83475
200134
190576
9238
110033
30898
153733
182717
21356
202575
152459
162731
100551
193512
187413
54864
80420
49522
252132
262229
636995
193320
427562
153749
9586
646094
412375
168007
56782
163486
77384
190748
238112
230274
33716
52267
236005
44393
166654
73982
196721
4532
245641
258121
57968
21931
243354
71899
259032
173328
152798
65968
44045
414372
616448
90325
172370
78185
80320
37303
249998
79859
258145
41776
68708
40328
33728
39694
90177
261134
249229
71168
92501
153732
164954
98616
180403
280124
194755
75101
155637
98162
151747
29543
65152
419624
23076
191328
56555
429181
24944
79628
163730
60644
60537
418690
239361
75410
80338
166492
192502
95319
1125
36548
25824
68327
72010
616172
166991
156016
158197
74570
71892
188796
612191
174552
66200
171537
86756
28111
110040
78367
247236
152262
90672
188047
94340
85821
66559
290602
38044
196494
615560
418258
237808
156583
165393
171168
156985
257392
259170
10672
75208
96291
183132
110020
40329
163428
159699
40280
241937
251940
238119
84238
75157
173341
73816
155186
96933
230327
188364
58024
100018
195167
409852
23142
23432
249807
152449
241408
71434
31137
259340
163397
256222
60682
39675
77640
161355
249099
404478
80382
38074
607052
184414
241405
68080
77075
67216
39847
241660
957
200437
156534
11799
165369
56502
27858
257528
43220
23684
429686
416914
108972
54546
35273
92218
263101
248235
86356
108873
71438
415603
98618
38442
189846
191303
180988
432434
173048
659824
182376
290120
646670
75327
173503
622453
432201
174321
424920
2720
247029
41112
11801
186213
35165
191118
74628
27328
39652
422549
153501
658160
29223
80888
43939
430699
99164
74525
250640
252370
172307
59500
95714
188297
66475
196112
94999
428519
174177
155188
261221
106748
260853
81918
85207
180465
33651
419801
191330
416813
167743
259344
89513
171835
424717
291286
239664
181510
15242
98025
254202
88329
98898
156376
209
24869
190668
109376
261765
180034
9236
98099
95129
191525
77585
5611
238753
69669
429407
92767
241237
2593
158198
80144
77600
89945
82569
187614
77297
68428
195591
150137
192183
242039
158635
56472
87886
75397
80035
908
412639
380386
259072
174616
432198
24500
51725
391088
67895
96140
182792
87525
68337
51688
20169
66528
150655
168634
181655
104100
50907
245935
162647
153420
254057
183870
60565
100522
433242
171566
237415
99055
91877
202942
628739
158107
79412
74382
606927
40872
249086
264523
90703
163355
28562
65629
202859
66411
153725
51290
24211
88552
710060
171590
605
28649
165064
171890
600563
62980
62616
51007
82421
202124
97743
421011
35769
230043
21928
200209
71917
71284
251564
188399
251491
58275
77654
78119
76653
28327
422796
250246
33960
150677
258631
154727
59440
238752
425660
55657
54811
22031
11551
172094
80221
413109
54916
188469
250620
56505
260920
427561
262935
86516
91675
419796
170465
77367
174555
247033
5599
183820
60208
174203
411025
252698
38418
69360
65983
27818
38153
183699
238303
154091
77763
160158
86305
155443
108392
230349
73746
69638
56991
431389
237403
95417
50846
255578
52548
201819
99052
50872
78055
189795
151502
189942
189115
191990
50871
417685
98027
44368
252836
79087
77587
130416
417681
93959
430978
186780
248607
85568
48127
158505
50619
170675
424496
96631
172132
424636
78875
246519
81920
158195
32718
421217
428097
174556
240917
172829
73462
75104
190652
88914
158639
169147
152237
30115
162197
162953
241828
159313
413988
156470
42168
60393
66723
159247
51471
87767
39908
79925
186535
174188
171119
202354
427045
41423
83001
51139
247800
251657
430697
39514
54161
155116
429406
183920
237163
60181
73790
194641
259142
73396
170867
173607
9347
67760
156983
31250
257234
67349
164543
431053
6073
94021
33652
173984
251825
66131
38294
191844
152249
24829
418499
24547
35680
157317
93322
84974
164907
74856
151559
75912
418208
71301
98902
165370
260262
423267
156776
168360
161575
242122
56132
198200
26477
77515
193310
62698
67623
106400
50839
15084
192816
161345
158697
50297
90438
253320
170158
170263
44932
88616
23811
411024
80848
642937
60965
152620
161359
75674
18125
83853
192909
243838
40676
201783
26619
88906
236032
1362
248807
24200
61751
646265
290991
62479
158224
62719
237140
158487
165773
32559
98897
415997
80775
418686
198348
23042
84931
182917
163433
93856
183118
627395
185358
608469
23845
158718
257493
237297
164762
413339
11081
201347
180491
94780
152036
173729
166596
182036
624042
69431
230036
97143
88053
202018
55561
169162
65624
71148
187924
73976
80099
1126
79926
248809
162403
51894
257385
61754
55950
247244
202882
56336
32688
252137
191846
160720
163877
154664
35509
31371
241826
166525
96059
422388
72691
15633
191842
195438
155561
31097
102606
52538
161353
193636
154400
433818
161862
23607
153728
153745
25413
72069
411554
26875
48154
629106
68426
241817
74992
36206
10180
93320
244010
185372
431463
59362
173327
171595
237111
55714
157470
420706
20771
290982
91827
63224
94344
182373
196110
150099
88533
248482
26914
184975
9464
73817
84661
20233
9188
244305
98976
155753
170868
430603
41325
156491
1924
158722
172791
89691
410754
160645
253486
95687
161027
241820
191526
230340
241906
168358
192588
250659
245061
62178
9639
86644
247531
170914
55871
57964
102089
169172
92301
239781
639148
63362
58818
606235
63427
6113
90487
150824
291116
237889
82347
163861
93396
74616
50026
67050
10441
14306
237411
427107
100532
237142
63563
66672
69162
80517
184696
252135
62618
93326
59226
182908
99300
2445
614461
86711
170290
237998
98672
83928
67649
161647
84320
73930
80226
84586
75980
162937
93475
78402
266258
413110
166491
50471
90446
35380
157316
93323
202743
66733
249073
260695
251144
75095
86621
167997
409848
202558
24962
152258
182384
231009
150458
74656
154386
185905
414377
281412
158611
55463
153026
60560
194645
90723
95378
198766
71258
606170
240903
66128
156585
241801
260859
158157
417696
201637
281413
73771
163270
48128
98460
257383
31090
71954
166711
291334
67286
79241
44707
194244
155335
55660
290810
416910
31989
92561
50800
56340
171532
71953
100878
108769
414380
257709
81922
68130
261966
237969
80968
87232
430979
200973
67764
150138
85177
166287
188367
158048
600177
54009
413127
182919
71629
257330
629147
238114
2183
10480
60415
24542
73108
109702
290628
72040
251390
629116
171352
247301
80386
50379
239396
165911
159809
420818
421178
202516
95130
162178
11805
153935
182386
194378
83407
82312
251483
85443
257272
415813
152219
187910
201217
156594
174092
78815
97998
91704
66853
202089
106043
418687
248013
39515
248676
614675
71212
63037
29240
53752
152563
57127
52178
80147
428379
237419
7220
402372
93327
57213
180837
153467
182772
238616
168005
57512
58168
245792
105374
51441
239224
160889
28153
51600
248920
417686
262941
31370
183797
27423
290116
243724
5984
173336
155767
95900
163276
172305
21930
86815
193894
158216
426372
252619
62190
612209
71336
87215
180459
41998
195261
88504
290129
417689
151981
171834
88447
155765
27995
26270
165309
2359
84136
160061
74057
161853
27497
39626
161350
67589
151749
239452
184758
201346
50902
158681
79331
153740
78403
184595
40584
55599
79669
186778
37145
153422
262058
95623
71439
9021
98098
194375
291431
300225
55517
173982
84017
99459
262846
407876
415809
194432
24468
250842
66730
631685
46007
93901
241492
197717
238544
79785
251383
56331
171591
37306
183698
50288
71956
169149
201037
95603
78414
74620
78054
262998
62615
4806
247728
75211
50621
174617
237399
69723
1549
417679
63165
154915
250655
86355
238490
429191
61269
85556
167426
172619
14090
260311
73951
41014
83952
26229
90651
41399
39162
108905
83016
158217
92397
421273
194771
33653
26994
35455
248049
71533
55590
82745
72955
255804
50626
52905
77072
20091
249721
96171
182423
41234
238622
189967
71029
91226
96855
5488
429967
400339
80020
94891
171241
244299
245025
161349
616196
32689
109346
20831
39686
71604
55832
60597
290133
241803
27843
257531
63095
1619
55515
83838
159769
171136
193510
173338
370032
65059
85359
66076
248624
165664
65990
170167
23711
82984
154931
168361
95914
79329
72067
201453
13019
201583
169148
110083
89690
240818
186216
421179
239761
98553
27877
93364
195757
189617
230142
247641
182921
11261
27815
57658
428540
87119
189929
21935
75625
39906
26476
183632
172131
96772
406613
79509
23773
45815
62670
9525
158742
9232
73789
50873
172143
71062
255806
247237
290750
424716
1529
95622
92099
95997
74029
88953
184591
169610
180363
62937
162130
65625
241406
50495
419747
195758
173342
69008
432740
102354
261135
40924
153809
251828
59907
99965
69665
8124
180371
254636
55480
86713
36356
24242
41315
67401
161863
248553
26813
180057
172301
259006
419840
51495
189635
76417
183769
240666
153399
80388
152211
251590
163268
74994
41422
81495
41426
73403
33601
246729
257409
89447
250763
152208
188707
151980
2110
288
159022
172378
616516
230315
66937
241417
257220
89500
181525
73647
193505
15732
24190
21884
249720
433248
255576
239653
155666
249318
412496
43969
56381
90686
260212
150915
73409
186278
249420
418699
74526
75399
185370
290811
163926
193560
645626
84581
88421
154937
41039
153967
190745
59753
80847
28836
411144
68627
72562
63604
250630
152213
159025
62302
241489
83277
73232
193308
194642
90437
251854
95401
416710
104616
23115
262849
40677
428378
41775
95616
214
95321
84883
251482
98878
164366
181313
158724
97389
202963
427928
241476
230262
40656
8752
72143
71058
230350
28445
188360
431580
258123
1530
105173
255842
100267
94962
237324
97180
23027
173983
15757
181377
8753
56326
190433
27922
89938
26046
167580
421644
193318
34924
158690
75628
40509
189890
55474
172076
159431
194775
162184
185393
107598
73043
87563
67356
174037
237925
23346
62891
642400
159015
44812
86924
59655
248150
69595
95877
417425
181511
76304
248183
262427
190726
76968
48147
412003
155906
172303
643934
163430
429519
430974
174573
86922
76043
78558
158165
89935
606259
58903
163944
90447
88244
62193
260947
44392
88461
98912
97162
171538
59768
187323
152461
39179
153734
261687
152465
40672
230247
616281
78134
56362
6017
237929
170156
51418
31567
40766
67847
94993
65062
421555
185476
201744
27682
171838
72905
419492
759458
34048
426543
31379
188368
156468
182937
412779
170148
258504
56134
404697
41270
431391
171547
150090
5335
429966
260921
158638
24154
158161
244146
1586
406526
163443
89933
260282
172511
151509
612556
163396
2297
427174
43054
27250
259352
94071
57500
160469
417424
82109
73044
189045
158054
150209
83939
415029
161348
180846
54060
151528
241825
422340
76147
75394
190773
153225
603924
248613
55481
85358
91703
425681
430133
190495
86773
93944
33646
187925
50851
2995
68028
79998
24620
183881
197006
426097
412258
78834
78394
156578
37305
97941
157315
230927
263104
14354
157641
257049
164624
43883
248255
75103
161405
91531
88545
165287
414390
412317
185932
254061
156368
418966
264729
158709
20819
258841
98880
74998
161858
52613
195164
188706
430616
159694
85361
248804
257217
9528
53753
238489
86203
83943
188703
174139
35166
181824
248884
159016
83340
23853
91397
425694
1546
10362
412494
59191
193507
642370
239783
78841
258137
20799
9235
41803
291335
100789
163272
98894
22386
95639
73234
81481
88927
65493
69430
99631
248620
193307
151495
156469
67590
252143
198779
424582
246518
78817
607842
40330
159148
81946
66253
259342
88981
158160
155281
2390
189888
196149
166591
194735
162727
94839
24710
170322
171117
97072
192341
42743
416680
154928
45820
88355
96456
413255
51659
94614
27237
642250
41753
107690
610352
247047
194515
24946
99963
155387
54915
39161
8043
29251
65985
163432
200309
81111
92216
194977
164404
152261
250252
24763
248185
73929
79232
152784
190746
82983
87109
432207
249089
280554
10364
22032
40966
79324
183873
75381
23713
193312
82606
102383
94889
412508
47160
615825
198624
239579
106950
416916
188725
93113
628495
40070
281455
413502
420477
26467
95430
80674
628475
33588
86814
11255
261704
56335
166566
86167
97337
69889
190468
172371
40680
33595
38428
414395
180838
159695
192593
49734
170292
185710
27945
31078
36254
79645
88051
69893
156436
56350
188398
19047
257164
93630
56970
151517
156367
262601
30582
172083
99996
421629
68763
416922
107671
43039
41395
158837
51143
246448
44759
29357
160999
194768
84666
162760
41059
9172
86716
193433
173605
167158
39300
189848
152085
90182
100195
65987
413700
163485
189538
290457
50796
93803
88127
200257
182388
238630
69432
26797
195849
31362
185218
427140
66102
50035
98819
236265
409715
51461
171682
65732
6273
103708
160864
87885
55498
161420
202875
155559
54043
418436
191325
257529
30816
100861
428096
52626
411219
72563
152247
87947
251563
80885
89844
103090
151371
55545
105545
87229
195850
607580
419798
83461
26798
81501
613597
162182
102382
261853
90506
173979
77419
157534
58494
251848
262680
75402
79671
89351
50226
61058
172059
91875
154411
59255
83268
43515
79449
50938
200507
241242
32622
40029
170784
79869
56332
60191
9866
413594
31677
77583
230314
96521
71564
9560
237887
258936
259073
67103
250723
75627
32628
80518
194322
162393
170153
40914
66274
257527
25565
78862
75711
40707
238745
188549
252422
51586
71605
32003
95437
93328
34807
98817
258143
80967
75210
281550
245174
291001
155282
256603
24489
249140
77721
253843
189887
195756
411887
86760
90677
164438
180058
99723
250794
260361
160700
157834
608177
280399
169757
74613
57670
158637
172832
243414
151505
50502
600285
251138
427048
85412
238640
75913
94994
230328
60182
75645
430571
69725
151631
9233
51915
161281
86928
52939
78395
40512
238494
430575
41425
427597
79605
161578
180817
2218
54321
260585
10288
88142
156532
616177
243725
66724
183750
249072
193921
157532
290751
416601
98023
171109
243415
155390
422548
408431
251475
195862
79389
241409
98871
248181
173073
188365
97120
248278
58651
237146
63473
241410
241418
73981
66159
153741
291638
238989
76747
411801
51093
259363
159396
27367
247329
88582
151632
202810
248890
35379
53490
154935
414174
45824
107469
253195
78133
252696
257716
40139
180576
415735
416712
203065
172629
80227
78389
171107
159600
90056
415028
252514
171870
235757
68611
155173
27318
153352
420847
65792
157340
90663
609471
26780
236331
88736
90724
154147
76305
72351
619196
17073
193637
90664
60394
191117
154482
237692
89689
422395
75999
422547
414387
72956
61184
63606
4849
80970
246852
238976
78415
84132
237110
181653
155667
91086
628479
257226
170052
2744
256220
94341
72047
80612
151513
37405
174576
58896
162163
4536
54063
73799
81497
249330
83083
412044
84464
68128
180463
249076
35545
413493
238613
201454
172304
643067
50896
37369
90049
4403
391475
258116
54065
154141
93626
167918
423423
63099
130417
290761
23778
411240
66831
68132
201452
77074
98669
192957
9934
415882
247797
608629
188373
154384
65004
262999
155383
153753
106567
192981
165179
248256
159592
88669
404376
27401
262788
202948
74790
153345
99622
67021
161538
247798
491557
73107
165163
5595
88915
28340
158705
261943
54868
30851
249425
8400
412493
249354
165230
68633
56334
72373
54070
51732
56710
98962
164286
432199
248551
245649
153687
187908
27357
6022
247001
166922
63223
31537
195592
66352
163282
79988
6110
434079
238747
238046
151587
72046
28123
192352
31722
86923
195197
88422
96938
94422
51598
248803
426376
181509
50596
62286
98953
2136
426375
97942
100616
254472
2993
79866
31619
5298
90721
100618
24868
172079
26847
290760
71322
243822
86688
93989
55469
193508
247675
81480
252677
89460
291281
157628
23116
432680
152456
74871
262847
170946
2206
75993
42963
237400
419334
259850
200270
162401
65141
40019
88266
67331
616423
58454
74284
95654
64829
67583
188648
174553
13022
93430
50847
168919
65060
10251
153735
190345
194599
153715
249097
189920
257331
238627
236269
242200
194739
291160
261859
167267
85352
170299
50905
96935
170161
51571
94634
415767
80849
73020
251568
76412
150233
82409
200636
192503
188371
159691
243416
96191
71687
85819
84812
4194
96730
195594
239711
2738
162173
154347
291637
194602
110394
23379
24333
151544
92249
41143
418545
16044
600174
249071
257122
22226
96119
50036
89943
50983
198762
99718
290630
426308
195355
4808
5140
243643
251942
25414
68765
39672
83460
249070
92974
189341
50292
193563
41424
66161
97939
31601
280725
616147
245650
24801
260473
17038
402891
72043
428744
52268
189550
5607
411483
88752
154155
202323
416913
38406
188293
159760
182382
99719
248579
195394
247523
43031
167576
106251
290629
72822
87874
290114
258131
43414
235896
33599
154941
65500
151508
158431
195252
202346
237751
88141
193638
201216
194737
83325
79919
158746
158696
188835
98183
81067
160062
67567
21107
192589
97921
44720
74605
241816
67355
167071
202657
29063
261302
413102
33896
195405
415890
83310
84766
423255
63096
68082
187555
172133
153423
421279
99129
192808
250835
98810
67756
260866
72372
185373
627752
184972
290599
152663
172618
42903
201448
84582
97674
95697
73581
63043
28252
411800
263103
27773
60539
150237
410992
43352
172081
90449
258117
419805
8401
259018
83002
10440
82251
72142
50910
98884
59928
78412
189585
251859
16922
258115
50291
248554
98935
162688
413035
429501
93490
192591
40675
624035
107845
194335
106534
150114
410238
251473
429405
78145
257713
54071
163042
166494
258842
236259
192630
64613
428059
83941
82610
85883
181045
40459
150236
241413
105923
258905
252071
81527
195256
74328
75354
24940
247528
193913
402784
163422
173620
25538
193634
158061
150242
158244
73022
248628
152655
247332
253319
58899
86935
191523
79277
248550
417426
16533
78809
29358
61465
78151
168890
58741
35555
180029
65549
69823
151639
75632
76122
160063
280122
9022
162164
89299
253478
193647
171534
167577
31868
86712
186275
155764
96853
263521
239712
252127
90717
151770
25825
167921
189075
58931
90297
54069
67045
251481
50591
72039
182387
51344
237577
36454
84587
185359
75641
89906
65680
100550
632494
67098
97780
158714
249021
193473
93258
56498
