173127
159313
246976
172144
107216
2994
87611
158244
94758
165776
88616
247302
155227
27152
11551
173392
24532
67589
154147
201785
248572
186778
419808
71287
158676
632494
258155
35771
110318
246093
84929
22386
98277
56300
257392
82920
26945
169154
200476
74606
109702
52725
86817
259023
150171
103620
616192
10112
105923
38428
259049
180465
59387
80021
19069
40512
4640
163797
5306
110040
252128
82404
66200
421545
80844
61753
154929
29197
33994
161351
88556
54818
109793
93900
70045
248807
27327
200129
247525
249077
259438
94420
81921
290759
251590
27129
200256
67765
187925
254071
241410
71630
78152
247243
94518
603924
57243
60643
154820
411976
171547
79113
248621
2456
431389
67095
187911
91829
194755
1625
98902
51734
54793
62890
63220
78412
79326
75102
153974
66274
93588
90718
75355
62098
416321
426550
166836
409837
94889
54510
184696
55498
415518
86757
33658
255806
248278
74320
191846
174573
237404
159023
633213
656879
151970
50226
9145
75352
415716
80219
238048
248603
5337
183231
616200
92249
51461
26780
202516
97461
44045
83325
624035
33592
391132
77640
30748
23042
5393
172210
98897
167999
92391
86508
27764
68263
23855
241405
98428
158019
153347
83083
41402
416680
291161
72504
421277
642250
169612
40886
416909
158166
249105
156494
33561
91785
166591
171870
280123
2093
93321
66124
161346
97589
241815
196327
252047
156963
152348
32689
241404
637163
185542
87752
239221
430979
90507
194772
85622
21929
159148
429207
230314
88054
248605
156532
9270
98781
158640
253549
80099
193309
56412
71439
75104
78571
259141
89933
257797
87987
100268
426098
22054
246903
52054
646670
171106
40089
56502
246401
237164
91395
611409
431617
261964
41142
261820
9150
158740
74908
193473
263521
37323
40138
88263
247000
158049
240188
62669
193319
249354
59753
428096
173050
252391
37302
72206
27838
190652
161389
195500
423608
186783
35574
153349
173327
75671
90056
27774
162688
76867
81323
161018
423442
40409
182772
50590
28123
161428
248188
183881
50699
413255
249948
230350
21059
20203
191140
165064
65992
172792
151197
248000
98890
243929
55472
173900
612282
21933
250575
79332
169545
41315
254060
56326
414393
41424
380386
194245
169149
4162
87527
50995
159696
237752
97514
250211
191849
44509
196326
160164
257233
261716
9637
170863
158707
84714
189592
100856
40518
85207
72039
28465
83865
170624
158165
33982
257049
58727
83000
74617
759444
248183
416709
186453
75371
238113
35379
235896
600563
156439
248599
98569
202089
99563
433187
98783
30862
161427
154087
415810
257156
195757
391089
42675
260282
261849
68252
75376
31092
164081
153419
190493
88915
85211
88982
153969
237969
413700
257384
189343
24549
187517
9464
81484
184972
427107
159732
152209
15757
158060
652289
172080
237175
41865
9523
238615
155910
37106
78140
251846
59192
80337
55664
43571
72095
54063
421276
9227
155188
90724
431052
410866
44692
58633
230351
246931
261557
63564
162008
24186
153718
167250
79628
202346
81945
163145
24545
35204
54725
201086
107708
262999
628473
245275
171168
258148
251028
93959
20216
99621
33276
192957
78860
68144
50901
96976
66559
13023
180493
238339
243377
96771
169138
78151
414376
183686
153078
78137
3056
172160
251144
188295
200634
81922
75316
170302
59762
239396
92911
50847
91827
10122
51139
415890
161864
69163
188792
4809
80388
166923
263105
66730
237809
89943
161865
187881
27237
246397
607558
183961
236145
628494
79990
257398
51343
85705
417215
26308
174378
257335
98402
53804
155281
164442
74003
107585
413699
80402
250246
280048
249996
48005
414396
93475
77100
41144
158220
238493
92334
280725
94636
290991
259948
150458
162732
241406
257174
162178
53358
154156
625521
241476
174046
255579
78142
150090
173984
130415
252324
163419
80140
187907
88355
26169
409758
249756
54552
65037
69896
93396
69889
172619
49759
87784
158052
89459
77651
434188
156470
152248
422388
248560
194375
172367
259349
95623
108973
97551
86356
172629
290750
87230
605
75098
72030
167742
255576
413500
159234
100202
155178
429178
281456
606971
69170
150097
81453
417687
243413
247329
40967
23116
72149
414259
85398
281457
68611
97619
165231
69665
24193
63670
39161
156498
31121
71953
188789
24190
100616
248014
27349
240245
31057
74677
262715
25
65500
261942
93634
197686
100290
78718
56345
54161
255577
605623
170568
39691
241155
38385
161028
24547
290124
249635
100149
249098
62223
55949
83596
26724
94631
84137
62178
257051
246519
25024
230332
171532
198449
155469
20351
80227
37308
99442
39674
4392
240092
185294
50991
75394
60178
245806
25821
198778
57803
85358
407803
60539
246741
42702
73962
188399
185243
88053
81944
72773
151747
652896
9636
35509
247236
130010
59920
248734
162759
246968
281601
421891
167921
416924
100728
255805
290456
413539
24539
166989
193920
759650
35329
8750
193029
193893
97201
91286
410000
616296
99631
238616
290632
251828
96854
163421
75011
87528
21932
239151
100615
90055
5260
89302
409530
171029
93489
193503
247531
97621
9548
171119
159333
237115
189648
54915
158160
94998
155111
280323
30582
265063
423147
76593
95900
182384
15536
257222
417695
197860
23614
173980
415767
420183
87988
428541
76269
426375
36559
62395
94296
88545
433242
238757
160096
239652
90665
248236
59582
417425
84681
78804
158487
196329
196119
186864
202350
100522
247001
20166
76412
93428
89946
25582
411553
200532
180030
44715
408569
238612
93323
93421
192182
81869
237421
54775
81365
84591
192359
41141
412778
23847
156232
433232
54865
105475
251473
43939
290324
97077
84917
290757
80623
161424
86815
98022
33927
202349
51612
71019
151433
94602
266259
202517
78055
56337
262856
24500
162402
66101
201214
15307
171117
67215
404478
63096
43519
24567
290115
244241
241492
166654
153686
63222
40949
161950
236975
619367
40459
431369
401210
87328
75369
95296
261966
290455
109138
248620
245641
87886
23852
391131
32003
241660
183769
201875
39184
78313
84811
201363
153751
159312
61752
35755
99052
86025
153224
173341
409928
158018
85606
37410
78808
154388
41311
75375
189927
628472
202575
75361
625663
8405
66724
150092
54817
93901
81861
183687
84590
247237
154526
417690
71949
39337
180035
193892
187913
250841
27945
237929
249094
20091
193432
20927
68080
24662
41351
1301
370032
85361
158195
23710
180039
60191
38442
161281
51344
104196
251027
248601
606424
39604
258120
169144
100864
202353
433247
84463
78861
414391
9213
246000
238751
257224
64974
246041
54065
170913
77102
82916
82912
9522
250541
80880
88447
250576
39847
291116
250212
86168
188322
5600
50799
258138
78053
172831
291561
92794
641378
157340
59930
102038
239721
20834
191304
73808
80245
49734
68338
88446
180038
9586
155303
194333
237693
161000
40475
82408
94422
259351
23770
55068
258153
414162
151517
75912
290599
249104
72373
15734
290125
288
9240
153754
414602
263032
68412
238551
80143
640953
410158
152620
107648
170156
51418
79919
605634
280104
79330
414372
191119
27836
189361
87210
432208
96291
78583
99736
37407
103446
158724
189628
22100
27682
259340
251855
26813
159694
14374
69076
24769
66672
193912
2110
183132
74871
150237
416885
414264
257336
40965
173979
414390
89726
201447
33601
249158
186454
59770
238634
95378
171171
80956
169862
154941
279581
77294
195397
68031
71805
151522
95479
106322
26229
155276
28503
4811
40279
78555
158691
153743
10362
410097
169699
23378
54864
264729
85415
240198
163862
415735
183632
239558
51586
26046
50215
417685
109271
64708
259162
4208
166133
2297
68432
78864
167157
159233
430697
185539
247327
172285
193637
159809
97674
76417
157531
51573
152264
182385
171498
600266
194739
75709
189638
40587
5269
74366
152036
257225
152218
194342
25622
79240
96163
430751
171831
50493
82251
87874
241162
195239
81066
193316
1001
35136
173788
59743
195404
280401
180463
68068
426374
153500
90686
430575
248882
9466
86758
96189
238762
69724
193506
421011
600174
38406
157313
28732
155280
26195
79233
253487
50898
88794
98887
95603
41269
420475
59808
36547
606257
56339
61144
110748
69075
99057
75213
260586
83851
96773
154930
173328
258057
90093
50620
188297
36561
27370
257216
4681
238637
9521
422341
82929
291331
80588
239766
426308
238304
251561
189922
77584
83838
158695
90325
194974
72038
76305
86773
81947
154416
241481
417426
50595
163883
75095
23101
290126
15862
25724
237889
237968
186775
104100
153724
628897
80582
80220
404694
32549
51571
433233
90716
79391
105432
23712
92553
74039
75629
198070
80921
93255
84884
248920
195856
161387
180036
51389
43300
161859
406532
193915
424636
43941
172843
429501
53218
38074
84758
79230
151495
173237
96855
31078
172209
413104
172277
237191
150649
261719
62988
152453
189597
153909
44517
15638
50798
171531
248611
43504
173683
202768
95602
99625
26482
103708
153386
260697
193560
615220
65665
162727
263033
190770
157333
186269
153420
79446
154778
245808
83337
91763
182375
251390
87871
189564
250833
195855
67505
37306
202544
80674
91957
160063
184976
96174
249140
174270
162575
85516
71283
252323
250275
80518
26270
31298
413102
606259
39828
50034
192360
165286
245306
5611
23846
422798
262589
238114
163930
185477
243412
97013
40052
90487
172379
249720
163442
44716
75389
167429
193434
88237
90002
173730
67358
290421
21355
161572
5229
161647
65061
194515
82981
31373
98818
238745
413129
240748
192592
81868
424583
165287
236267
73816
237411
93254
238630
166711
291312
180372
412042
79925
252071
261867
56301
5248
151509
431464
151841
260860
84974
57000
39626
55649
243646
429966
413106
24870
16755
180988
380115
161420
628839
42685
84593
410090
75624
198762
188371
93363
165667
86687
153025
94546
61216
73231
69431
56565
16922
188653
75377
158506
29193
77636
230274
413108
9177
95052
41754
66880
80887
153760
59764
98888
600175
74627
412777
253675
58933
636880
159698
236333
262859
246400
181125
93325
32740
56321
153737
491556
36512
167703
67024
291614
35769
15811
230326
188797
39597
417300
180459
262554
170295
33897
419802
182376
107690
71628
86923
151516
53452
171533
103939
79232
153250
93983
54314
23346
259003
95459
94993
14236
77297
67127
28110
201149
94892
258177
248809
155018
163732
156295
98467
235902
9355
190491
432205
40567
10160
247729
421644
191559
430970
185584
65982
425443
172091
90714
82312
24373
166132
22177
51397
108873
427388
254201
427051
109289
84584
185933
238047
33626
87947
260195
77586
150463
27250
194736
94598
65988
23851
59750
155761
29542
180277
151512
168141
21115
162779
261715
169482
171116
23143
75239
8116
24488
237576
81459
174379
79917
188365
153333
20154
22279
158158
162101
265180
156468
185712
34277
262058
78148
98099
180040
21940
240013
156617
158745
184592
243405
84517
251389
29443
172832
260324
161734
240246
197703
202964
78581
27772
77271
241417
24531
55525
59763
55558
109266
248682
43578
171169
248171
55562
254058
44523
14000
172302
422884
89980
422849
54917
15863
59749
291287
259006
80145
245071
192858
35153
236332
73600
104766
195198
63716
67583
2729
55463
162175
240958
41803
83597
41004
180461
419841
261551
30263
79929
195860
52348
86560
150655
249074
433818
9633
83270
187912
96185
20259
190577
261851
80955
257219
415064
182390
95129
98672
151734
600562
97936
9021
158224
31250
190808
28649
194878
83476
36256
164441
87995
619600
171836
5594
185242
96939
173336
27661
97180
260855
291563
246042
158678
84588
98188
57035
194337
75710
407293
73793
83388
75644
241475
187879
241810
180058
189374
94614
70060
78812
31636
237963
184414
250622
163880
40566
78133
241425
99965
89447
162959
258136
94604
202088
31378
166712
158746
421179
169547
181315
201818
150207
164636
247821
9076
86642
411803
249066
26846
153755
193318
163433
93457
103975
160945
86926
98286
104888
24506
76611
183969
5338
172280
173684
172372
172842
241871
201642
73396
73603
258137
140546
23804
241798
89525
167918
416886
151500
185368
59740
412375
193995
98553
185612
93961
87850
600177
153346
237970
201475
73743
51688
9394
93114
98882
33600
409929
58707
155277
252634
430556
151510
159014
184975
47160
108978
152261
166892
91703
152221
80581
156230
81350
40673
83866
11799
89460
241937
42774
248181
99443
14394
89349
43718
170628
62719
110312
249064
152798
61270
180363
67761
153748
243726
86760
257528
108994
72094
196116
170657
88651
24205
420476
77396
92973
237945
75381
93985
82407
150114
57688
195064
245185
759651
65502
52490
40914
98095
193914
161356
180192
627995
78132
250866
60416
98893
196132
252390
249085
65779
158725
263099
30814
87236
54916
74328
163860
237401
170149
40563
247091
27035
416925
28891
52785
169613
168420
181571
160866
94611
59290
85359
23419
185371
150118
187917
102032
281378
27992
20211
259260
417702
34807
36550
91225
93844
189551
107528
11144
831
172305
230102
5987
41951
64714
391133
86292
110022
402574
40607
189461
429180
162648
33653
159645
73310
67050
72484
414174
427050
85821
97616
193499
52035
44393
90448
258754
90722
190492
417424
164434
68182
158636
189359
51894
160088
94637
110042
65624
50800
170160
417384
75212
87875
257493
290457
250655
65628
11807
66669
44812
161406
188801
9023
185912
72043
66732
170157
258133
73929
155907
249102
29358
75367
421716
8241
50849
422389
151561
33627
2390
628739
78408
32037
240014
249079
290809
201215
280551
240037
154160
422549
193107
67880
604
426125
27330
197373
59761
74759
33652
91337
193818
39473
196149
54819
171889
100518
189115
246217
413390
72305
5595
79327
173061
69595
29350
201362
55663
173049
241241
248277
1278
67895
170166
89045
44754
616196
253421
415812
2309
248885
413101
26268
159431
27328
10197
430133
83389
50852
78389
22392
34388
9232
191350
407876
252326
91959
77073
98952
244746
24944
164481
189618
98798
56363
27680
56133
74612
153510
413127
66528
27368
183089
30237
153398
72127
408145
237849
57034
153464
74621
169936
291301
158703
201346
56346
659561
36523
248608
169150
110313
626749
71679
55714
59255
26068
39014
155770
78143
154482
23683
40966
158221
251481
163733
58737
421271
72269
94297
159714
54855
93902
94610
188367
25373
6017
186651
78116
258139
58696
291545
85354
151587
60620
249072
23204
429734
247295
173731
172089
94616
50621
67623
167058
5152
174092
57690
158505
432333
28079
63646
80064
162100
88752
171599
75675
161359
39241
418966
244299
416814
24946
51390
86714
290760
759462
51694
18125
94891
106556
40672
238491
24472
94341
616416
31568
66728
163881
173347
67330
89446
37145
62190
1944
85663
290999
53422
97389
78856
249091
60506
82744
180370
98579
33960
4682
252327
50472
251490
40565
240858
27306
14388
166653
40412
37367
202965
89299
82423
290601
98429
91803
10480
409539
195182
426373
93439
2185
254166
95301
36169
193312
51614
40482
16572
75356
31369
77370
66128
39834
238628
100552
239711
170914
241821
92913
54375
71058
153726
257214
189932
153244
280554
41050
49760
258146
169753
246999
60559
425581
75708
173503
98896
163441
86762
158213
88793
252608
60565
60394
413496
66937
202944
96974
183634
150138
15472
24763
80283
66244
416807
236257
262228
161001
80883
181657
160163
429512
35380
83004
72040
160318
79927
100617
65733
96953
2720
74394
251145
104898
154152
238989
31138
244298
35680
262625
75999
20799
93319
230036
241408
250910
600485
182898
103158
252130
79331
31601
171823
159926
85512
195344
190651
35669
107649
420846
99759
420847
78122
73648
110317
63097
251827
154385
172525
57273
154759
86673
402882
433311
58740
73192
238000
249169
249021
291562
240012
30865
192909
241154
85883
51681
237887
90176
165114
195854
609762
66723
258151
413491
195846
56554
237409
72818
96195
247235
78779
39183
202047
154757
85412
60181
71771
10364
256319
165454
75393
153405
400339
71241
57660
80117
192183
40873
79989
152656
262016
628342
78413
416712
407962
415568
429190
92536
261605
93253
93987
2179
173062
245121
50047
61697
290280
40677
81322
172369
41895
247301
60926
191844
201211
172279
195745
54268
190574
418208
155215
169231
74992
230333
280105
81321
84582
193304
106400
74909
415565
158102
257393
241418
80589
2157
163390
79389
243354
59891
41352
108763
96765
262624
263107
193308
151545
31381
97590
163428
1546
76440
291928
93636
100531
84592
67763
22073
78666
9174
188703
84973
185370
250629
63221
171108
168595
105565
75513
50909
68120
982
163858
159290
54574
55467
248168
86063
243922
192596
150186
251137
235899
33729
28153
27741
96119
170158
241161
171543
5590
164435
163565
420154
67592
2108
636733
58978
4194
155637
156376
50905
262427
190000
88142
96169
157750
260027
425681
82748
76968
72209
290628
230315
153463
251146
45817
645626
196112
108099
67106
624042
77587
180838
194467
73817
83338
4403
106534
40912
248555
416926
109376
152249
109545
39130
188293
415303
151559
165816
95687
73660
280548
202743
162395
66671
154758
257181
75091
260473
105431
55590
109477
644866
71213
99622
93113
202522
28377
9714
58742
93207
24854
69024
260857
93116
257375
433313
252677
40483
83419
93633
194668
55484
193951
28080
248114
161349
66162
90320
261400
251383
163387
170768
248884
201448
78859
160061
90182
248150
97941
88981
172090
54060
55490
9462
247839
188159
19022
86922
163275
251886
51342
88141
55589
65625
4807
93743
162161
202904
95654
10035
52487
9715
243415
172162
202323
280124
44524
152465
42962
418501
156593
182266
238761
422797
291160
67017
96937
76165
152786
130021
421275
87114
290130
83728
193634
96416
239580
153259
59179
152213
240102
98782
75396
74332
75373
68472
73791
158685
54009
759449
62196
110244
159798
249129
237766
96940
60537
27203
83309
24867
50297
167265
423254
76928
95624
166134
180033
20771
45818
153752
170625
66353
68127
109342
616304
75993
55707
433307
10179
9934
250654
11259
33872
280304
80223
56980
68251
190496
290990
69078
60395
76422
85706
246904
256677
56501
96060
250908
166495
41111
50903
80382
23142
198289
240025
98170
68266
400786
109700
195851
248255
168633
159198
93903
259002
291635
31171
98892
67450
161258
44756
249067
151826
4533
230132
95482
162405
173981
261558
71235
55069
248189
94421
102354
261138
98599
27302
158061
154411
239826
413224
95322
171115
202657
165232
91675
40564
16569
160045
51666
58818
20831
237140
170155
78115
58652
153725
44516
154524
88314
81487
169863
198723
52542
30903
159600
245498
2411
209
13019
24962
36002
618714
659106
167948
257389
35537
261624
154316
153053
119
75372
180817
56643
43800
87229
78312
190573
69893
14387
622
11806
95128
162170
174567
247675
172133
89345
163391
81499
74284
93989
197859
153465
170581
27993
84886
50910
78144
154189
257526
172143
411145
642085
2094
185906
87790
50617
427928
68763
51911
1547
182770
170293
290129
241872
154730
29357
88951
161358
79412
264215
33646
22096
70026
180839
201819
413037
71147
252425
153070
168360
74547
416809
151498
659824
78407
259348
48178
72823
259437
102273
10255
193502
412493
5602
62615
30854
161343
160599
246011
291105
44731
14368
95314
88469
9048
56342
238495
83407
36254
164080
4147
251858
150096
166596
39391
30693
67433
20819
97617
156495
257217
413174
85360
84580
257408
211
89443
81918
56334
18113
55872
36050
52034
32718
60542
99367
155228
188799
151503
95320
151519
62904
240011
130416
202810
70055
25567
416929
231009
98977
195633
65169
202859
252697
182076
41186
72148
39614
248237
93318
50035
241822
167405
74626
67025
16127
96943
237417
49567
163308
75173
5060
201012
82721
158690
53800
230146
86511
89907
260721
164762
402372
172308
195180
414383
88244
73956
68634
243838
172092
167427
170882
153245
74017
155282
248184
37409
163277
73951
195859
84755
108872
167702
189796
153976
182425
93543
99620
250838
152796
158741
159806
236032
181045
9463
195852
56710
83946
172174
73722
15999
290989
91130
74620
258922
252126
100861
183085
248186
9625
63022
418436
611670
171137
417697
188623
174553
88245
84225
108905
167731
97120
150976
162174
160161
97898
37405
84201
158712
98965
97079
291333
163485
78119
54605
2472
257378
186555
67709
102356
185932
248175
10046
202942
639951
259005
247534
251024
195845
91169
30740
75264
75207
244143
248075
201453
191325
247411
98911
202085
25565
48208
241413
165163
263106
240021
236268
78415
109107
171242
58753
280121
23347
291104
291636
200131
78020
89445
247240
100401
50491
248627
75525
55561
42473
412048
108975
60540
160646
189635
72210
50907
90673
152208
165261
195251
110033
89964
159289
86205
105891
432207
152251
96561
79538
88521
32690
174616
195172
162760
419227
91692
52026
42497
414382
1023
239774
417038
66854
153210
15733
90467
252698
161692
159760
55464
130417
33596
248562
260560
70031
74624
203009
83658
416914
24943
196330
65367
198779
66725
167739
100620
59739
22207
83340
430616
74856
252370
24187
241803
20214
56353
35165
198624
151496
251499
417686
51613
88318
1879
80775
429472
290987
163269
631709
162392
58733
91380
254069
81105
155753
91702
4679
251025
161005
66726
190490
198201
158662
235898
160648
258842
161863
1841
48140
759459
75097
290117
615610
256220
246409
94339
49649
174089
78052
169610
628841
255842
152114
78127
15438
15837
167120
190198
71899
84931
80874
237808
153246
33726
162180
155226
80872
246313
78560
80871
100840
153226
78862
187921
418947
81481
187916
33593
4532
65339
90679
261220
71951
290327
248887
55462
240666
40584
38294
50502
158687
33502
250656
50894
188728
73964
155762
5299
195862
152663
859
16826
16823
81482
38233
171749
257234
73973
173326
180037
183636
72546
188321
168859
71336
30272
164437
60175
67649
248622
291613
195028
2860
59500
153741
28260
6110
27843
260028
230147
195668
80141
28483
100731
195591
174037
89932
36341
82982
163488
430696
87209
420509
418545
173996
252426
78496
71891
191330
167577
155390
75208
416586
66160
39300
291328
93324
85612
421548
165063
160645
619196
62874
189928
248632
41786
39104
72859
291003
30898
194751
8752
40280
237925
61184
261721
163279
71337
417694
415888
151881
100851
290811
248805
290114
188358
240920
80888
657720
71687
23811
245186
83001
655768
163412
160888
164449
187918
91226
9979
189344
81305
249063
8055
48127
186535
95053
173342
154939
608469
77330
71678
89303
90648
181011
239220
95915
85349
60182
36206
248623
433185
5986
415602
164955
155275
99368
24541
72037
78556
183697
158157
616147
193371
253879
35057
200307
85318
29509
52996
248806
186534
81301
187692
84767
78876
97944
258116
150211
185244
40057
71889
103910
186779
57968
84987
74605
257182
86040
189622
5335
189921
159728
183768
164432
75908
81496
182771
164287
168358
262680
71256
246013
40931
193563
153730
257215
86925
30816
158682
257162
33650
604514
159693
629351
65059
97078
82606
194734
197818
180027
173331
260854
187516
9526
73790
259824
84885
24202
24213
68339
77678
262848
258140
56546
198190
80612
74994
78766
194600
256222
250621
65338
290624
102352
193913
15583
23857
87110
189807
97781
74311
261643
195166
104380
183607
16
84972
180032
411025
155772
99051
642937
421217
409501
258130
249999
77843
291329
60538
162102
166597
40019
607358
63604
81737
153975
250640
93316
170163
422386
72010
162937
45667
249911
80967
159695
84757
67992
421274
260361
75101
291288
26041
194432
38136
43517
166991
23458
174045
73657
61224
102918
153973
33794
158675
71286
75206
163432
150095
169728
250724
2206
161578
95639
93476
417700
202322
251477
51419
162171
43240
182426
419626
189923
87429
201160
183730
161154
69490
29390
169161
95899
158686
158048
247409
238756
51496
108048
97533
172304
94015
68264
419492
88953
76011
77384
154729
6003
31619
241486
29544
167994
65968
247331
24800
200258
192362
78558
91168
172370
100309
28327
164633
607808
154400
79415
158860
81316
20805
79473
51667
27128
97071
159699
66253
186782
80248
250796
41267
168145
248549
24536
66245
183635
162645
83339
240054
262933
158066
51732
41394
59957
158163
181044
73527
94612
170294
39955
96012
424900
429191
391189
257173
180008
23447
73604
41326
170465
87991
94601
163396
251589
26468
74872
161423
188648
250793
158065
250619
167156
100195
262059
185359
72580
163418
291634
51909
258026
97480
182079
93938
172838
263102
97940
243848
193297
153688
40050
15458
86756
97070
413086
198384
161808
152767
98811
26410
66161
615905
249998
158688
249075
96108
52285
158671
88138
249099
39956
87529
105544
242122
158854
40608
180818
92387
290377
109708
150445
169810
417678
194602
90668
66383
193859
180029
67571
76122
418500
108001
152212
250620
412045
158697
68956
84448
427049
9236
168980
65801
86935
156092
192595
171353
80472
411554
380356
170291
99626
55294
70063
29223
42168
195399
154153
16277
67757
97782
607842
95930
424717
98774
422523
614461
97012
189045
239663
81812
77300
248173
78145
261684
431358
169156
169934
163882
158068
187922
35152
174318
163884
56801
79277
183633
41191
153746
171587
68318
402503
106748
187783
84376
291632
180810
248945
238545
75630
150315
189366
109419
290756
107845
106567
35273
190575
150394
62479
155719
184589
198611
57207
91397
55749
240046
56330
202125
67349
244302
241873
155768
161861
251651
241237
425657
171588
627389
173343
9235
29235
104070
93986
158056
91961
24868
15313
96746
260556
759461
152250
237399
8024
88378
415887
251845
97476
237577
61782
68667
605665
9806
68799
170776
417467
39558
249997
95914
183088
240206
153759
250792
245934
433308
74663
74850
45821
280547
37304
27816
252836
86814
162761
236349
2582
33826
9635
290749
54387
87211
34052
9091
159697
34452
410239
80068
160059
52431
159692
78126
55517
152467
82911
156409
172300
66242
40707
22226
89300
236007
253023
96744
50033
41396
642091
252373
84646
78713
237111
69111
173607
86914
82746
182717
241163
411218
94779
240818
162730
71430
58454
159018
422264
96165
65340
245092
99533
430973
245497
657616
184329
422533
55479
193314
110020
174615
246225
57214
5606
84451
95402
198788
78184
5324
73923
246357
161348
35137
38153
257382
27988
88533
185373
152794
239712
72032
415809
172378
50288
243822
404375
259161
102990
65666
247728
48008
257770
246408
194345
84983
72074
186456
192807
246211
87612
81920
259355
193302
184593
66667
190743
186989
22502
247530
78834
39672
98912
834
75211
240816
53490
89905
157316
628476
4237
161644
44749
59696
290121
413501
262426
9078
409623
230352
189534
87109
89691
236261
81480
89940
78811
33659
81109
71989
421629
202328
291314
24486
108974
165113
241827
40070
41732
412494
262045
92767
110314
59768
50163
158664
75678
237297
27362
95450
167071
409930
187995
259344
90483
86351
167743
93856
421193
650059
96639
164233
153423
66255
415883
413110
625376
262935
22280
159795
94953
173058
166918
150113
659403
259144
290988
248578
94757
84583
98618
100569
156594
185476
71062
56344
75980
290283
236276
189166
259076
74616
262756
194766
258503
249941
70028
15171
158716
172076
79980
193510
153403
169700
71532
24498
191842
158689
200862
26517
247642
24502
157334
174555
170261
416921
194925
93907
415813
612556
76415
291313
15991
102045
60393
258936
198587
71893
417962
26036
54056
86306
659562
259341
169426
83277
230247
52179
258631
238622
170946
72029
78865
62342
77592
168856
69422
631685
258109
428060
68129
63562
172079
75099
150208
102010
51132
38404
243947
162401
150241
195849
280126
158247
247048
55545
1586
88266
27187
280793
415957
1050
432434
412003
98813
150234
259018
75327
87231
11081
237753
84809
69808
2181
4146
290625
241845
53240
157399
262060
165394
27775
56343
40562
607038
168362
164431
74611
50174
29540
174189
419624
162172
154525
188370
154479
237141
167402
181312
55832
416910
99291
29247
33899
171596
182386
43038
31033
245069
158870
92220
433239
72194
172163
180987
90649
424582
99628
90484
66102
258838
83336
433594
15393
161855
415293
73403
156579
210
59769
86509
153933
159802
88929
237749
59959
165393
418688
26042
247797
159293
152469
194977
1368
627457
78814
58003
162778
188635
152111
253208
50839
607911
88055
421950
41313
74613
417298
252989
241848
84667
261686
73796
173751
98547
26619
263103
88959
88920
39827
290845
76262
80148
1361
20090
245654
16066
98881
69360
173352
245937
172840
417698
153736
186861
71832
417683
165815
51691
68627
281550
72418
157317
190145
189607
54061
202558
9865
241159
88322
184034
180841
49554
51404
51290
182933
96171
50036
259850
80034
167355
169160
39619
249318
411075
94630
1457
85210
171237
247051
260859
164810
433086
155908
180276
90719
154350
257714
416815
258147
238118
163440
197523
237412
240669
50273
88144
110399
9525
53656
238976
56815
11797
167009
51470
152220
89344
243417
193311
83854
90729
439
156536
73462
238632
162160
34047
16394
80250
257050
247523
64731
173452
64999
67356
280399
64795
172371
97068
9626
252514
432740
603926
99719
71987
433236
153687
95035
174138
24951
241424
73346
247726
605385
416812
63013
192351
72042
58555
187271
24254
51396
90713
238623
85514
67758
52868
425109
71955
262860
239716
24546
168634
258135
153174
412776
423107
153342
20732
21930
251484
63606
619730
159205
88907
66558
97555
250195
150240
68121
237926
163927
55482
88952
247799
412496
95417
616257
191522
419806
238639
67989
189201
418726
258156
171114
73792
181653
259624
201278
409266
236638
74056
202769
244011
619636
241659
262788
187612
83939
61151
197001
98935
158713
230330
631441
166920
79669
196987
71956
412667
97998
84571
28647
75646
244304
194817
185710
75914
100545
98551
83269
24544
247047
88667
73503
237962
607052
291000
67971
167580
194737
411026
165804
41024
78185
259956
55471
291325
107605
185474
83952
258115
180462
57658
151528
78815
155029
416922
42057
90174
84887
80672
32509
759450
10172
158721
409853
262936
198584
421178
60894
88140
156436
65487
109460
163424
78665
90720
162186
91096
636729
155322
69666
258141
157642
152457
103090
166496
427458
170227
237910
230142
91465
45815
28899
198423
194763
417693
50624
75965
236758
195594
72096
9866
94618
429208
27417
257990
65672
84813
24194
243414
161764
51665
180119
51143
16177
193501
31380
180491
30703
90135
43990
60682
86354
104862
197006
49522
83002
78582
422394
66130
73529
249850
249101
85179
65141
35494
413340
95313
96975
72142
62394
290978
73108
85620
250906
158704
67361
41423
65465
250840
203008
423252
151507
56802
96168
182035
162198
78851
261718
173064
171838
54594
189873
97459
248563
156496
105936
100549
238620
97478
41998
238621
84918
163417
41112
66132
260926
52037
29241
616261
237403
66118
174091
162159
246358
253267
49648
88554
90397
81486
55694
110315
188639
67766
194339
100860
430576
90883
56347
628487
240775
79869
249722
72006
166058
159769
184754
243378
194667
167426
173451
170674
158708
409852
165778
251479
66742
63607
247838
25349
165666
10672
78817
52575
2728
419799
51785
608269
15242
249100
171109
105545
167685
71515
106998
67005
172130
28504
84817
191843
238763
40840
95127
162168
156015
52598
54777
198735
108615
99456
153348
169155
23644
43040
65984
626
94390
616323
260928
69891
26588
55478
184331
78406
600286
606363
157431
30403
157534
155823
202747
162953
202655
193299
646586
62195
83951
73461
79087
653482
96954
106706
84175
52043
249723
153466
65039
237176
28250
33925
241806
80776
152468
241337
252131
77087
49720
258921
77074
155539
75354
251940
52938
98474
24203
164440
39685
5599
182554
54614
608629
257530
245174
201452
50854
201013
79414
72143
88327
236004
189364
51659
168383
7221
187429
10420
59226
72562
240328
16571
82984
167906
414386
51737
904
193507
290993
31567
72678
81946
87992
28644
69437
186195
87112
94342
66411
65153
75079
82608
54071
60966
32675
61700
412047
416711
404695
266258
190748
92770
77588
57241
71939
151505
230262
110083
89346
248180
58899
174612
180371
158062
262941
46007
55033
416913
173094
14162
420139
61754
30904
39235
164954
43031
156529
246575
62668
237888
406531
96938
261221
84753
87115
202467
418096
431822
158217
194343
2449
96931
247330
86293
169142
75627
262553
172301
168139
81108
200984
189341
407752
78986
91530
67517
41775
30805
169172
51620
156489
40350
250911
64829
85625
68028
66733
82304
260866
88666
65991
158702
88127
26798
174644
85355
173345
98024
241824
169165
2136
163731
164438
424716
409561
39596
185587
83475
616292
80063
169042
172094
414559
59931
422433
51690
411800
166599
252367
24152
153757
259166
78809
33604
241657
154934
77298
83460
90711
87232
159294
154728
52613
152461
162576
257048
106361
55620
68119
261704
28387
98975
9319
8754
416915
412317
192857
5596
163280
153721
160060
107469
170862
79145
424921
69008
66938
72033
31289
11805
253878
95273
418600
155370
63157
91956
88726
238005
150131
252369
228
430603
202656
51252
153735
98880
281082
66831
41421
159292
187910
241243
192361
93803
188983
188372
109136
409273
182909
239717
248975
87476
167998
1529
188704
238614
79231
27497
151513
88928
202304
96933
81358
87213
238287
96061
89032
172164
88542
202019
83729
291335
73044
156616
198585
61750
159805
174444
50048
162400
191323
1549
77295
194601
247050
183701
158635
185904
257052
91690
201472
258692
159799
95323
86166
160160
252366
51425
153719
51915
94954
409832
9173
170159
156585
10113
99627
81208
90057
600289
380184
158226
30864
183842
94761
65065
185358
65147
16655
246014
170146
21116
411210
35288
66670
181754
236976
90050
94597
195756
710060
246729
251026
65728
56538
249087
84969
56132
85568
280106
40511
258126
263768
155185
258125
16510
290939
260026
86930
194638
201348
180816
95876
174087
243645
163438
248891
156438
202757
54367
158700
12102
612316
195970
99723
73409
16955
88139
415604
249096
72046
31375
96193
174552
5475
165813
251843
53023
72640
69892
246355
79201
50572
52113
109701
411481
425123
71422
23684
195241
6271
230460
155279
244301
251491
100852
55508
157645
71954
291639
291326
20748
53424
40413
194765
82928
163487
80051
71900
24326
40456
23849
90703
16592
110750
68428
63473
2801
13326
237748
241811
238046
195760
71959
45820
259239
1127
67995
422796
44395
165179
66478
100878
83943
95496
39227
259142
86165
162394
16980
37053
622453
248808
69062
75640
259346
163270
30866
170906
33716
202351
190348
97473
249050
86813
194506
173054
69663
56348
251852
28508
8751
428519
237145
91086
237065
759649
191351
51007
421273
41189
164547
94632
153240
44349
107670
88422
241816
50290
33649
192352
248187
108783
189911
72072
248888
258118
40046
190726
88724
36204
26746
93320
83928
156091
72067
257155
41397
73661
77092
160151
182921
24828
154154
86276
248545
238119
71890
39331
59958
66129
71861
280120
61024
416813
280849
155766
240339
188369
421173
155382
246447
433238
28481
79671
158694
98871
30899
55591
43451
186781
92392
174614
99346
9980
70029
68764
42516
198348
23522
202597
65508
40872
96103
35651
194749
258121
419664
89347
32741
237558
90175
155030
165774
291103
235387
54877
78134
109007
54811
623991
63637
74959
32002
61026
180028
65494
422548
245650
85401
54223
58680
152109
163486
170907
86130
171890
50565
237519
162646
200130
187920
628466
168137
158101
37307
83902
56782
194137
155180
17056
187880
89690
85521
38229
60618
78813
264191
416963
84971
34085
239653
417299
84519
202548
93393
160655
419625
281136
180034
84459
153968
23241
38811
427870
428908
78060
60174
188754
409611
417705
165368
97336
109431
71888
100618
238748
200870
50295
254057
30351
55559
423582
53118
33657
64652
53792
160953
87982
251318
260695
68765
54878
170304
73601
98053
72028
81609
414389
98776
78890
615825
60013
28838
86927
68265
251692
171832
628955
79422
53295
63037
158681
192989
152219
24504
197227
251565
40679
91053
63225
187924
156982
153222
419162
261943
72372
55476
628947
39185
250657
188794
32054
239166
99054
24945
78118
201216
69112
192816
189846
6113
63099
427048
50855
265592
238978
413696
65838
153099
71029
78018
62164
189559
164005
109323
63289
52615
248735
36454
39907
430466
155562
77091
432206
191542
29115
80036
90439
163926
170656
86167
182934
89936
154931
158701
415489
423443
90676
163416
95996
110730
171404
425694
108769
245807
434621
251657
14123
154387
69102
85351
170297
164544
162130
4206
290765
75096
9175
244077
263031
31832
43520
98812
78120
75913
194377
2749
161350
165062
257387
159804
632069
156003
24830
190489
230508
252595
166827
86291
54421
90064
253844
188357
80825
6058
182380
36298
414387
89935
41209
183117
72774
85518
154716
422540
159691
36562
77356
78863
158216
78367
160467
93256
248013
238636
81943
245025
75531
251485
78390
261762
96935
185524
200635
78135
236046
55657
258152
257390
160600
4810
50305
160436
260397
71282
250628
163148
253422
23115
75625
88725
419747
56381
79196
66939
243923
658980
167578
417679
170775
100622
188706
280301
170161
180966
616385
95037
97942
20015
615454
75673
67590
259347
157400
71895
235901
248048
40471
106251
11803
230037
173325
182769
69952
201045
173975
247801
259159
163413
193647
171542
182937
93434
165910
69678
50494
171241
261926
248056
260212
84452
191125
92501
262840
418699
153352
75508
409272
106707
91828
55465
51471
41680
30891
160062
59744
419803
42671
20234
253869
187731
193113
248615
159288
24487
261020
96936
152451
107598
82406
68130
82609
32560
62165
79324
193500
84930
50025
412508
174088
237930
422259
261547
162957
9568
63165
52633
95956
85615
85520
180840
99181
249022
290812
167401
4851
24333
56437
60562
92219
30246
246402
246964
84814
625
247532
160290
249949
628945
41937
34048
195398
171594
89941
197861
32623
44863
60967
28122
80969
250907
56324
83311
55475
172382
56338
154141
59195
56362
247244
93898
174576
153809
169429
616277
885
156688
262857
89350
95913
241812
91254
75397
158680
247519
94023
54064
80873
419334
74367
182931
250844
59655
263100
164403
171595
416811
156368
54404
25414
260182
90723
34926
95036
89093
422427
195249
41264
165665
94617
29407
36549
63427
202348
23446
67740
416928
161856
20233
31085
44613
183031
110082
40472
69588
202905
79524
84754
98820
188047
29047
50471
71802
628907
74018
40974
51598
259424
71168
156466
248561
183087
58713
87564
85410
68633
195437
260198
28646
171879
257220
189896
258938
85701
172368
67055
180374
82306
2276
67022
50161
54390
77590
290116
50311
153761
290763
250797
72690
194336
416919
93872
121
98962
243409
256209
86158
172283
67741
99548
93630
417701
26228
202339
69162
188292
192338
409480
248733
169757
202999
43235
92042
616289
248598
247412
428543
63657
65987
195181
39240
164142
51208
30530
85139
237408
261586
82569
189912
43425
96944
151444
107543
417677
91822
80144
172834
186726
245021
85007
35540
251478
68955
158230
84812
15439
43421
246520
97552
170162
153511
36546
260853
416808
20945
236266
53332
30390
85400
186216
261021
25718
2296
67404
20645
186214
87872
75010
251563
291300
832
93626
81546
201212
75205
50895
72014
62937
409865
27204
67401
167404
8400
50415
90297
259860
98087
260999
162181
91705
172082
9178
186220
33660
237162
409993
182071
243642
70062
247410
95401
280549
168891
416920
250794
230101
37300
96524
189652
107533
158159
188752
82930
39189
195165
187323
63496
250540
49553
79241
427957
30756
55660
413112
183841
158669
240404
68938
189360
151631
88056
14337
25725
433337
97588
196284
170910
40513
23713
81112
66729
172656
89942
155636
87477
51619
51427
68181
91531
616260
73564
9043
418130
84467
87560
92034
189531
44759
171541
97014
23145
43969
91293
27054
201444
93687
161027
79202
192184
49549
22032
75642
23962
418691
27305
80218
90049
152255
195405
8040
161425
44322
27946
165411
248546
248893
79510
156490
248179
67320
240477
80197
159630
97997
27765
97159
161645
73811
189580
251474
189550
51896
84465
246094
14395
43041
37262
237886
11265
245793
193646
29242
166585
259069
202882
409856
187617
67560
60561
414379
411483
157965
93491
59881
194645
428505
5090
251826
80420
202696
159768
86710
202697
54062
249636
201470
249047
252186
198766
9818
35670
4812
94314
249425
58931
62111
171682
23848
413038
93944
93899
193151
82109
643739
97460
413492
65493
85755
428379
188360
428778
93943
168361
93252
158709
75126
262062
152263
610619
90436
415028
2997
259160
259032
195438
290631
69169
239769
11261
182066
188795
27773
413494
153125
200309
169162
67146
41002
241825
90323
37368
402784
2446
164451
174321
58735
8195
94997
250658
191527
24174
31897
152260
248604
66409
152456
415294
188356
2750
63341
33599
159605
247408
68935
75209
83841
23440
33603
78759
422395
164634
431463
6027
91253
99624
167576
262679
41997
22055
249073
259164
243948
181470
154936
183920
97681
41398
86854
260606
94573
156537
180837
90178
248606
79325
104715
152454
183663
245024
65266
184591
68709
90651
161388
104129
240166
74615
21936
71420
74675
79396
78183
280825
78854
21939
81412
256603
431391
247800
237146
173973
420428
9549
183811
165664
84133
251847
413499
166709
80096
75135
40030
56504
152258
152450
67756
194378
187804
34100
93904
246740
97125
251452
414380
5070
162173
245326
258144
183873
55480
237674
24542
152459
189890
74057
646094
190396
62040
43691
93328
191284
172511
73020
619232
20731
52749
238619
184588
53241
158720
71686
53128
163355
248190
63223
153934
262855
2092
33728
69423
86912
51497
154725
39188
66039
75402
75633
421279
165115
182069
21931
32627
68957
44762
24505
1937
262849
83900
49551
261778
93383
629501
173340
171586
172791
86355
191328
248552
8124
189967
59929
84662
95379
193505
74283
188753
86357
24537
250624
248579
237575
257163
169163
190747
174613
158710
68958
78816
39514
88728
26309
159281
412376
182891
58932
157315
69596
9080
15308
160470
152246
66104
290986
50313
97780
172095
73981
182767
280003
193150
99300
39673
50899
428956
290764
426096
27539
90449
66064
200506
257227
154393
251492
261222
159808
24212
98883
250094
96522
196721
41188
93635
192501
155321
94871
9188
33595
21935
98285
171111
49743
250460
248803
110394
72772
57212
195356
92394
72582
187923
404376
192369
156530
426761
9528
180458
152217
158164
69045
84666
152128
957
70046
67993
81359
59584
153241
192364
153345
153230
194767
96957
91528
8401
96956
191520
100863
258124
8134
159015
167995
183116
258150
71777
20400
24829
416918
251850
50627
38140
68363
243411
245540
99455
237927
193300
35093
187927
71629
151922
241826
152655
249426
168999
158719
190344
68169
245173
182920
189920
628495
52852
67102
153400
258154
181569
614306
5298
154386
16423
67820
248381
426371
251384
90437
158718
86203
65867
95788
55950
263084
67621
290629
48154
78554
59928
172655
40751
108972
247524
195759
257334
170168
28006
190431
86941
74679
84677
172081
244041
248609
59583
43515
243404
174575
97337
616445
63043
158215
248167
170299
291002
200521
158567
158196
161345
432270
162382
97620
168343
5610
259035
159426
161646
69637
626999
26841
165814
186447
153971
76167
158566
51142
245072
413497
78124
106997
77763
153739
239361
89351
167264
73746
108764
38293
152252
52939
431038
155495
68291
257728
95817
80097
258119
152797
193320
39533
96181
80385
24156
163443
195864
85819
241244
238624
164436
158958
15368
151518
97943
248235
2993
249950
172642
156016
201210
168005
60840
254472
89301
36572
74619
29195
75370
31111
87420
188423
154726
76304
156533
82607
55509
99457
152216
41395
163306
160469
40466
429725
291001
15246
6100
16511
51731
40871
23432
158194
33920
58275
80846
161807
261644
167996
41059
9442
84460
252134
154664
172284
247526
32688
77075
151880
247727
74915
23856
27819
163271
108940
83267
427047
249068
261945
264523
415882
158961
158227
170867
151506
93886
180026
32742
80249
71257
418690
91783
260470
77585
50596
91708
245935
248550
194376
244300
251486
193635
256210
193991
194431
261623
97403
251135
165309
11254
50197
86909
73217
1286
155563
67072
84883
77561
173971
245794
250653
52178
240015
10438
1924
409551
253888
52033
90324
89110
418849
185923
201637
71434
197874
159235
182923
411024
174139
292070
163389
429181
193293
168890
76087
152455
407957
83955
189893
77088
99085
255804
170167
83461
646265
262601
82914
105208
429405
415605
34678
237343
56352
180373
253586
88504
162164
241409
193636
172093
254308
91339
248182
71148
9026
197434
93382
616327
291281
248612
166677
153208
35555
418967
426588
151511
56547
83347
260587
192587
45823
78314
27997
158225
427562
417969
239664
66158
257529
156465
245608
417777
163282
259033
28445
97462
159767
248547
181861
412639
92301
23845
252620
58653
100548
97479
417301
105167
236265
251489
72211
100510
72322
82421
98934
252364
261549
243863
252129
24211
43667
316
87562
172377
66103
237848
2184
257388
56254
182379
154938
187909
68301
89934
202549
153060
37440
173060
198780
238117
419631
32622
161342
249078
249419
195848
90465
95130
193639
247234
154351
187914
153723
158218
163388
26255
194641
202961
68128
150099
162806
23769
243416
93258
41312
53103
167905
156981
98889
281083
170164
251488
41936
30851
159022
192981
40740
230327
69639
31093
86516
104935
58741
196115
86913
68082
189800
155560
195858
186862
153731
100517
169866
616177
425659
166525
230507
238635
250909
75093
201369
76969
59766
96745
194374
1362
291327
73647
652897
71288
246631
156983
239761
187613
158698
406612
213
60644
71214
194802
241818
162644
430821
98669
71258
418091
36574
9547
82313
168887
100614
39186
194332
188984
4231
261223
153722
50518
759445
67351
58560
99629
154727
83326
39772
42963
71894
59926
57036
627393
70023
72075
290967
190001
170623
94391
109012
202124
51495
43689
257221
431957
158057
642400
249420
83949
251564
32053
15698
74383
153461
63461
236348
63506
621325
253843
163976
260865
192523
85607
94994
189601
189919
291311
66861
248804
427140
88649
412390
173059
624022
237944
98359
198761
416714
639148
280119
155387
58389
79099
162929
167378
48147
261133
80512
79920
155019
4118
290630
77583
99547
153810
85665
150446
408431
612194
45819
249110
155561
158674
184595
238319
90678
59831
78181
23438
230552
417692
31372
31508
67147
290379
75643
163415
99758
30592
29355
91338
59362
89985
66119
74622
79086
169756
170584
54867
182036
170690
239718
15981
253264
28671
23854
290132
91676
40056
56500
10439
44494
52153
241854
98816
192348
30861
109719
238750
262446
170165
42980
422011
252696
58168
201277
165169
94951
75410
291102
152085
66105
181655
202947
150239
39895
201587
415885
191329
197820
413503
202273
414388
230346
248886
52538
236331
27329
56472
105374
191408
23714
30333
67753
161432
36135
42961
248353
10052
93905
187615
81373
73053
86911
158715
16463
19047
161360
182068
28252
74525
616325
414375
98085
171833
155443
91224
249048
291285
241819
151514
59956
258937
91955
55486
158373
410238
98894
75100
74662
245061
202126
39193
182421
240055
97095
81940
162176
50938
76416
195586
68132
200522
65680
109363
103347
29222
39415
67819
251476
185245
258271
80968
24710
87216
80673
28249
80879
23107
414373
94016
84808
194814
80970
404697
80670
238749
161353
85397
2156
158059
94378
166651
240667
73972
154162
241656
183749
428095
238747
50591
422387
58150
192808
189572
50379
246498
85953
172620
91784
251857
99775
8399
28030
68873
66647
17073
167705
27369
77057
27858
31113
251941
257272
188368
186278
152210
167428
257122
152215
84450
429727
171536
76151
262847
54816
169164
261810
100258
88546
13424
110166
201856
249910
163799
413339
40582
237694
97618
78153
31118
30529
417049
20523
36151
96194
2245
195394
91239
616361
85352
65265
421960
263062
66868
423255
155056
263101
98885
230331
159287
248889
68168
35691
11788
418687
79449
156534
26914
27649
27994
96059
411795
245850
182932
28648
16462
65062
251849
88264
163936
10009
98027
30381
43570
170912
36545
259070
41025
16927
86761
98878
180041
235756
402173
613597
262229
290378
67760
248234
245541
85596
167403
261319
173338
423444
43572
156985
50896
38441
110390
252143
38419
411240
187915
162593
89906
258122
24533
193294
152262
73659
44707
87234
65618
154145
100570
55466
159615
241491
172077
159237
96772
257386
85356
98795
67071
5984
411023
190469
72079
80225
81992
35734
72048
161669
93327
73789
51733
248139
51682
27767
191118
156595
110041
61021
155559
103711
244040
194335
41140
2359
427046
85402
249634
162196
83968
406613
249951
191117
86759
22398
166567
182381
189571
153728
27948
102712
163274
23332
66475
72905
32624
33588
40794
87113
244010
88904
245653
281412
412779
27367
92900
71994
163272
41426
189340
241330
153229
99718
24210
186863
77591
256219
78394
104393
96170
202744
628471
404479
24489
86212
154932
80580
158693
36309
99630
78409
237928
250843
280552
4639
152396
158054
190441
88051
91170
33505
230263
74504
62225
76147
78114
67227
41324
254635
76014
203065
41145
152460
100267
192363
639950
291944
258939
91706
98140
66352
153108
66480
26311
411238
192591
55469
77072
420155
188802
616302
152259
189970
51621
189943
236258
190433
187878
418685
261134
84968
75711
71474
81919
170148
248548
55468
13022
419796
31377
24468
202783
62115
73234
81216
37309
41314
41776
31985
249097
413824
162396
9148
23439
169095
50275
634631
164366
247640
431370
183301
62193
261135
252633
240006
65626
248684
180819
98884
167738
91689
30860
95830
160453
21114
607229
2295
238752
56991
201641
168052
41038
192350
160173
238631
51428
290458
253485
52036
173052
192504
79490
80077
248624
250763
191122
171830
186272
173068
153936
422795
243724
48179
82610
35495
247049
251480
51790
82927
250252
162163
241482
84587
54810
2183
280108
254636
410992
249103
158679
170150
94963
64763
428540
55442
426097
186819
193313
36356
257161
165408
24243
202354
31724
163392
55483
75326
171121
69298
257337
108766
16435
260474
172024
66735
165369
237413
158198
171591
188936
83945
261766
13021
151748
53322
151499
34924
75210
86151
6273
55070
58708
14316
429967
189795
202355
251942
151639
64791
417040
49772
50908
108966
40933
9022
55831
56592
29240
106238
418645
25576
237282
96853
83268
608177
23285
420477
261530
261044
84816
172303
428512
158837
173750
78566
100857
251568
40928
244521
421645
71202
68125
2243
24303
413105
58385
193994
290810
409716
154756
159803
170785
645
158161
78411
72044
174322
623536
190435
153740
202941
194599
154076
14354
10181
628842
9634
62191
431053
151445
165777
94340
151494
30747
9566
40329
58749
214
153905
193504
22221
11267
57569
80847
248482
81941
9693
57069
33876
172078
69171
174203
174190
167141
400222
241158
155323
409715
74999
64787
281081
186218
247641
422396
2088
24538
167920
636075
162169
237178
24441
30221
185713
67098
194762
93627
158714
78149
78141
73705
157835
74907
34923
67970
416601
291286
86169
427561
83898
83947
55489
6249
190954
26845
90664
74998
172083
1302
43742
84131
67020
607580
260922
162197
39181
200636
86816
421959
47121
259074
172282
155187
30315
150476
198288
629100
254072
612209
155540
423441
80845
759652
195237
95616
153727
77103
60642
95916
58868
43464
93391
50911
198200
418692
110393
56964
75499
261043
41753
26476
158672
51340
155182
159650
98814
26269
40994
95413
152452
173450
164232
29250
9570
161355
161354
7940
427596
172306
409511
81501
78730
166494
57409
185583
621651
250839
156578
15134
74855
260947
190698
65730
31175
255853
98097
264192
68433
237998
152563
238772
98954
83378
53802
616511
431008
91396
58957
71995
156497
78391
33929
72563
415027
248892
158051
92393
165168
160699
63098
80387
155368
195439
89939
249090
430978
237419
188366
77919
181511
95621
429406
198725
155394
190536
70027
158639
84589
40313
88543
151749
50684
238629
83839
167425
72076
63224
189617
291638
158063
196118
413251
158053
629117
60965
180406
155712
95626
194642
99478
844
42760
29248
201361
245308
152113
251483
258176
161574
247303
427045
26963
249974
168115
253877
418601
250865
616448
89397
434079
52528
40328
158699
1719
86688
66875
159766
94603
413184
257715
27150
237110
69441
69664
163273
43724
154937
159797
94633
409796
86920
50906
31097
290909
91946
78129
629116
247521
158723
189848
246662
241808
250834
75395
430604
27399
422618
236259
56552
432042
69017
423177
75299
433184
10251
257409
34330
9471
81925
89938
159395
845
60173
72071
67021
23186
627752
61751
89947
94021
27523
152245
85513
26848
27357
94071
54815
241658
183086
73107
78281
66743
82873
85040
37303
74629
14242
167919
152397
68714
54420
66850
24543
66131
92396
192341
89608
100530
636995
11255
184594
63474
85209
36548
150824
50754
196053
247239
171565
171539
181510
72351
63555
195450
71845
31137
1432
152207
185541
164349
192358
192365
98961
152254
55284
98797
257713
2111
33591
249229
99306
281413
59894
290808
194764
87785
262846
261302
96172
89513
201446
84453
257285
39164
249330
184318
63658
14122
154157
158058
67456
194768
154090
94780
201456
24942
154158
74570
251844
163411
89500
86818
69567
192590
68612
36280
430972
78125
241114
102606
247332
430974
198586
64715
41005
250630
160889
245495
23929
40129
16386
154928
421488
187555
79022
41268
43743
600486
241800
169935
426404
66345
56354
86644
412561
251482
155993
163878
44323
4040
189894
99479
168998
109703
54321
195264
290118
193921
43676
78138
36513
173066
77109
230316
190535
212
193292
61749
44367
93973
57152
190668
109389
55662
193931
41425
94298
51093
98886
40330
65664
190346
94613
151980
238640
158692
192181
58311
161905
261559
81205
72581
257331
34314
280390
84466
88343
250837
2242
9888
95714
170949
415342
81110
163939
173073
76782
280550
300277
27006
107551
259004
250864
151497
108976
40139
44391
153351
161421
414179
87563
54821
248890
262858
411276
172297
7218
166710
621324
80517
85699
238306
184758
65038
166642
201037
105922
5336
254451
65866
433336
253061
193638
153211
98796
252270
157646
425440
98056
84264
290376
194775
193891
42917
18111
56499
193030
243644
50272
190345
69894
80386
2996
67259
50211
15800
80338
152110
75374
421272
2043
195857
160097
251825
5598
235757
173453
155649
290985
289
165365
53754
107542
31370
173682
55319
433457
74676
93984
250538
155558
98775
154686
191558
241490
236008
261606
15084
65994
54813
414381
168053
75270
158107
167159
192991
60152
75094
158706
187996
80098
68715
78136
97633
174617
605805
247029
91285
604887
15392
257164
193307
80849
152877
74623
159807
67319
410754
90131
239579
79998
27660
254061
54070
77090
162162
290119
50983
68982
82405
194640
81206
433186
57875
154480
98807
237751
252127
66476
281041
238753
245792
4538
26585
74321
241820
15012
236269
172618
155444
93456
27995
194773
62891
27480
62698
159673
41193
160319
414385
169153
68890
241414
90466
248230
9695
91820
96167
616509
421842
97387
56331
13425
34201
157834
28159
26797
184974
41003
32591
240903
260921
2444
260864
6166
72717
252422
418502
94599
98960
87989
23850
159286
83457
44720
173346
241419
191557
72942
201279
50625
72350
36343
182372
36638
84663
39408
252597
40606
89461
4680
97097
85604
193298
81077
80404
251567
417691
78491
154724
153729
94759
69142
616437
80671
41270
92099
52603
155667
245000
188788
71605
156583
195256
428059
412258
153808
28836
237174
64752
92102
158637
182374
51736
73022
202756
165410
40932
63677
69625
409849
97158
169432
153937
62113
172084
410144
35056
81811
192630
264479
160720
417703
170123
71301
230927
40948
39905
72155
248148
235987
251842
40464
98025
151903
191303
76972
50580
257525
53752
164624
194138
622458
41620
77704
92216
58639
183963
92335
411219
150645
258504
71917
92768
169152
75298
252133
188362
34329
88547
184330
81107
168341
152253
69432
82940
70024
75672
262732
411975
96631
1920
202086
87233
78147
50489
258840
194513
171972
91704
290131
195758
151371
33594
161004
244743
52548
120
241242
200507
181469
251566
249080
41234
94345
52943
433370
163395
38171
159794
180576
152283
164365
415714
194735
27525
63038
239368
250836
154391
182422
195518
34838
257383
83659
417412
59391
627395
414374
184590
154347
78559
90672
32559
628903
159715
48146
72561
100839
417684
168113
290981
380114
157880
78955
52288
180056
202018
181525
65627
409854
195204
173983
88143
622452
68267
416916
13020
188964
106646
64774
616468
107636
261765
23027
35268
83282
433221
84320
193916
165771
98098
429726
58939
89840
238305
154352
235903
78150
195794
259622
152795
413109
1303
259139
45816
174445
39162
409647
161949
83323
194243
173982
241407
280760
239223
40678
246356
67405
2744
98026
155186
430699
616281
99129
280320
163439
248610
9624
39187
606927
56340
258143
57670
9118
73052
92963
9923
186455
241123
51693
93430
64998
31157
241160
88445
250867
67045
151769
68934
197819
607555
153255
40140
100551
171534
100018
159350
57863
200447
71322
84238
162731
241000
290982
87885
157470
162728
71095
421903
201796
95234
79922
14082
411325
72060
415567
189888
159920
61269
28545
642370
192357
82633
158705
241869
103737
67355
38407
153422
41039
84655
241828
74625
291630
158743
1360
39467
168114
170290
182917
252791
98955
193168
83840
98808
80228
64711
251142
237999
79793
257991
159425
200472
193633
50871
68766
88329
72822
415884
94634
77367
71438
108419
250845
158312
163877
79921
154935
187273
411887
183970
427670
170292
156776
159729
10288
35544
237143
98214
238618
432199
419801
75623
257380
95820
69191
261771
79263
9272
491557
58720
9529
198037
89948
51301
253268
195595
98096
242280
241488
184973
172833
230341
1414
74526
50492
155229
153734
92390
97937
59272
92577
74382
230784
423306
78405
191990
162403
182387
150344
426405
52347
68426
261853
28562
238627
50473
109709
39652
248177
163422
261552
238115
620063
43054
248178
98617
60415
248600
73815
109718
95697
425857
79475
241906
62872
189342
249088
75907
35138
39416
239782
258839
54388
73567
45822
98183
174191
166526
67357
5140
79866
188940
246043
615718
253195
76313
185613
94995
158856
291280
81527
97921
75676
410958
61362
172183
152038
39212
108406
194815
616423
2709
29239
60652
193315
97141
16006
38346
432380
26467
83941
93906
39686
41427
186777
110309
158666
31376
237247
35455
194644
658160
158232
237416
50027
291637
248169
616491
72068
83944
160700
171545
237139
15172
238633
260920
161862
85773
75579
108297
165779
75398
250832
252428
58758
76946
5304
94457
84665
230043
417680
193306
27400
67103
86621
4536
75391
164667
610353
168007
202017
89386
107145
40929
167446
56341
66133
9362
93
68167
73787
43199
251475
71695
174556
7789
79474
201745
413111
68300
230388
624184
236264
260262
248350
30897
90318
162647
57058
15732
182371
163427
36148
161347
197664
158634
800
183351
40170
80622
237246
190495
27103
171589
2447
85350
615738
187928
202746
41310
247639
246255
409655
241823
188787
185709
182388
241426
50162
54043
411327
73170
169751
417699
71831
250912
110081
194738
39407
167406
196111
188727
73275
169145
75399
62667
88910
65732
163707
173620
24499
191322
290127
38232
90438
154086
241801
174188
659553
151508
60207
261548
170868
152466
2009
230344
250842
77691
81106
195850
169148
28676
90180
250401
81526
173978
198524
259851
419137
421373
237423
90727
159620
76747
420818
250723
11269
76043
63673
169157
172365
43230
51725
84321
4534
161323
161352
78849
183731
194639
95316
634618
430976
260584
98879
54018
167952
30815
191521
16750
41316
108093
72031
249084
429404
153501
253880
197157
168734
194748
97477
183812
94252
171598
81217
158486
421470
67653
161357
29353
252322
400093
153126
33738
85605
418258
40924
250835
68647
188620
23529
86155
167741
257078
607560
248553
413100
68537
74218
406525
73687
173605
416923
71632
24901
85399
158962
94605
41266
158683
63239
260535
238490
192979
15749
78767
710036
609471
200144
422804
54385
58896
92795
189543
31345
253321
40675
41203
188726
71191
95319
87731
252368
80878
94888
189968
230280
627105
95625
169420
187226
2381
185711
23076
75910
59907
50271
50846
74333
86717
4669
248676
40474
87735
186871
30373
85820
185905
6011
99806
79385
84586
642192
100544
200973
248602
165061
90669
427597
54055
69723
157339
180057
258142
62368
259168
160468
43569
56555
95315
602043
107946
31379
76038
41265
25787
95494
24534
188835
24221
154348
92562
409449
92492
173606
169842
80419
182377
33874
9524
153733
247975
248629
91171
28054
160647
94874
75411
258112
90450
55470
187428
429761
80885
191556
24020
289986
72027
93727
628489
162007
419800
171566
28650
172145
21938
74910
259169
9007
87119
171110
262621
425660
157639
31077
73799
422524
54812
150242
71950
195346
183819
243406
65503
84134
75390
4337
202127
182383
198005
27423
194482
80246
102513
162183
433244
97472
35694
68593
158711
195247
165308
38295
31988
248149
84967
52268
253318
380383
187413
196494
166492
418693
67846
97386
79646
616470
9176
53388
172829
188374
258841
201639
95437
78410
202016
34051
150094
66853
22282
83940
50872
252424
68131
164231
27817
159592
96856
167158
72579
75325
259342
86633
156535
411462
258690
72956
62683
31637
193301
30868
616422
242200
99604
410709
95877
180404
616488
80247
34203
75631
188
99633
9936
40093
38892
89348
230441
90200
34094
57540
82409
44729
16533
247533
411801
185218
429397
415050
87786
76152
261019
414163
50873
2133
60014
87120
33758
162165
43039
240815
160864
250627
89844
71449
261717
193303
108193
56539
236260
413493
78875
182766
415886
24941
252135
186776
158863
53753
194092
173048
71431
152987
69461
9237
81485
109704
409735
170151
105173
35637
73253
150314
66734
27717
201636
251139
67216
75368
201443
91958
418413
29251
195122
93587
192340
40766
250626
616276
162179
168749
258128
172841
247241
200827
90506
5603
75645
182265
77582
6006
162000
249071
9077
195243
22076
189576
79928
94011
155909
97069
29196
171352
44761
430187
249049
188355
29393
623975
40992
69101
79387
94607
58903
241487
61058
180492
54868
34365
180460
425442
152458
248551
43518
12105
94520
197338
659405
98819
26310
57213
28651
237805
290751
241807
261685
153077
158673
245849
643067
230347
109377
50570
103395
164404
108565
71830
258117
73810
191519
67764
200981
253193
188158
247407
33651
161852
153747
157532
10510
245539
193561
255578
159017
173057
151733
190693
255459
259354
24620
417681
614675
183788
76524
194753
75156
155765
87215
163434
80035
62396
237163
25719
153350
28559
75092
28132
39521
81372
432114
78710
94022
245070
35692
91691
188707
187730
95559
191524
759452
194139
260588
166919
63636
39288
246518
72097
202962
79411
241938
31058
167392
72078
259071
28340
33637
163397
249092
74991
50797
171118
157351
411144
158162
246234
58285
16640
203102
33503
63288
80414
51158
253194
194379
237946
192990
182373
162184
40885
420370
190468
5081
195197
430975
8755
89687
31868
162167
161860
61029
622460
164907
236263
261604
260311
238196
250093
42987
152211
56134
418908
90181
247003
2995
246012
262934
257716
258131
201061
69823
190576
173787
188323
245293
163394
33655
150677
183871
196113
105172
98163
238303
415498
102358
98810
252700
94839
73963
24200
608458
156528
261759
52544
87208
1125
169413
150915
155231
252421
25566
95563
56167
35545
76927
91240
159731
162266
88644
246404
238488
44368
156464
75360
73976
249228
93725
78182
50848
290123
237324
85177
280398
185929
91876
241870
41204
187272
81076
6270
88958
23379
196328
241802
98459
55695
172839
32558
25413
251136
9527
78131
259947
102039
93628
155767
162185
251487
628475
241131
189892
182908
185931
1388
84581
62275
153072
97162
246781
40315
414558
238613
33602
247798
156491
192349
27364
202654
40993
409850
106701
77081
241157
94393
36425
180843
153225
73055
66879
250863
153421
425958
193918
187926
82634
166287
100862
39957
172276
100219
71685
55725
203176
80341
160698
189847
76264
155302
250623
43799
201753
61027
237114
57694
168143
28345
259067
416927
14090
91062
182389
94519
75632
162729
98360
194816
74618
90717
201347
163276
238550
102758
74995
88795
202784
29249
2012
52631
27043
78021
181824
89689
171837
81497
75677
71212
259001
163484
237415
152257
188751
241156
151501
84810
108643
237142
55713
152214
79112
57038
77599
66731
99081
432904
37052
156580
25584
97676
90322
197901
152449
153895
25823
69638
31602
9092
57052
57500
68430
86740
66243
159246
189075
163281
191989
50619
642384
88906
40299
186954
431388
34331
236347
8415
78841
163931
69436
153402
39336
15577
248921
102359
107671
641377
246517
413825
91574
73930
91960
635099
93502
23100
200657
243410
257377
155181
23682
50897
5488
84932
56336
280107
88914
9639
165775
79388
251138
186952
174171
59581
105756
29212
161858
151632
28251
65007
183965
54681
291615
39470
23711
172131
89442
66100
68411
153467
11802
158668
159733
431392
165230
10440
257165
50006
428745
430971
628485
635637
432202
237947
195167
152346
48128
27920
165772
174031
194774
189969
160159
280418
238496
4691
99302
72059
432040
197717
23708
164229
88669
108075
182919
22381
40477
246226
432553
179
432198
246965
15490
67622
44498
105510
5074
83853
171834
73788
237966
407958
98289
80229
152470
99720
172366
173170
90680
251500
69669
413099
433235
251854
257376
421917
160886
433241
90681
72047
419479
245936
66408
237692
9520
75409
421270
158214
171112
171113
63570
605381
416715
59555
259957
2448
62110
56189
615560
66238
657600
22274
90675
33983
28007
93322
80222
237579
8749
196925
173339
90508
57037
53406
44670
59378
68708
43352
43420
416912
79317
62980
79158
98963
107574
24869
99458
26759
41006
86224
55661
230549
80226
154933
86204
50566
88502
155668
169141
51895
185354
1565
414557
192589
171592
77299
104616
51596
162782
413714
238988
77600
5672
252635
31677
259158
171463
92397
41325
80521
51446
152594
162182
173977
14359
189614
251140
26747
9425
403025
84017
88315
11804
78139
155388
88909
45824
92217
189797
80410
67006
170301
202998
99623
188798
75628
95403
154155
87212
71285
96959
88650
230329
91241
50796
612191
251385
80403
22399
1126
55518
102072
417688
239165
81830
96111
173333
183748
21117
62480
60398
37301
249909
28645
37305
67994
413391
91471
26990
36573
84258
257504
281455
55592
86308
53798
201744
60180
246410
92221
84561
170585
82347
39832
78121
68327
24940
1051
602453
151515
51695
173789
87431
50495
73232
246001
250846
68427
248614
241814
254202
193562
429416
191896
93742
78557
412044
41399
33981
629147
433371
79918
91287
280553
39437
245307
78130
252325
413809
188469
163437
55474
158568
96568
107576
172146
158722
169159
106950
248559
254068
242039
66063
7941
76976
194757
183750
619629
171535
52537
166500
174177
26849
53330
236974
421278
189202
3909
190653
40476
180403
66065
100550
88553
26104
241804
63164
189929
24195
261137
96872
193950
261136
170154
58862
168501
14279
82872
2843
157643
78827
74706
247520
155179
249069
180842
894
415051
162166
155822
66317
157533
192356
159016
419798
54546
104654
191848
241489
260585
153404
1964
28179
76859
616354
158667
51735
56329
60400
56351
40278
185501
183960
187908
193296
406526
74607
413988
24021
153745
194973
100787
102383
98898
169158
193917
421190
74997
759458
169434
200437
182424
155183
71284
50904
54017
171107
230340
189044
98552
78877
32567
40927
258855
49663
